,PLAYER_ID,PLAYER_NAME,TEAM_ID,TEAM_ABBREVIATION,GP,W,L,MIN,DIST_FEET,DIST_MILES,DIST_MILES_OFF,DIST_MILES_DEF,AVG_SPEED,AVG_SPEED_OFF,AVG_SPEED_DEF,PERSON_ID,JERSEY_NUMBER,MPG
0,1630639,A.J. Lawson,1610612761,TOR,24,12,12,226.0,98250,18.6,9.2,9.4,4.62,4.9,4.38,1630639.0,0,9.416666666666666
1,1631260,AJ Green,1610612749,MIL,78,31,47,2270.0,912284,172.8,94.9,77.8,4.45,4.81,4.07,1631260.0,20,29.102564102564102
2,1642358,AJ Johnson,1610612742,DAL,48,9,39,453.0,193898,36.7,20.0,16.7,4.55,5.04,4.08,1642358.0,8,9.4375
3,203932,Aaron Gordon,1610612743,DEN,36,27,9,1005.0,358827,68.0,36.2,31.7,3.96,4.13,3.77,203932.0,32,27.916666666666668
4,1628988,Aaron Holiday,1610612745,HOU,57,38,19,781.0,287377,54.4,28.9,25.5,4.05,4.14,3.94,1628988.0,0,13.701754385964913
5,1630174,Aaron Nesmith,1610612754,IND,45,10,35,1335.0,553171,104.8,56.5,48.3,4.51,4.94,4.1,1630174.0,23,29.666666666666668
6,1630598,Aaron Wiggins,1610612760,OKC,65,50,15,1414.0,599460,113.5,60.3,53.2,4.64,5.07,4.24,1630598.0,21,21.753846153846155
7,1642846,Ace Bailey,1610612762,UTA,72,19,53,1988.0,760850,144.1,74.7,69.4,4.2,4.32,4.07,1642846.0,19,27.61111111111111
8,1642380,Adama Bal,1610612763,MEM,8,1,7,241.0,100122,19.0,9.6,9.3,4.41,4.4,4.38,,,30.125
9,1641737,Adem Bona,1610612755,PHI,71,41,30,1234.0,507704,96.2,50.5,45.7,4.43,4.67,4.2,1641737.0,30,17.380281690140844
10,1642876,Adou Thiero,1610612747,LAL,25,15,10,149.0,61281,11.6,6.1,5.5,4.47,4.62,4.32,1642876.0,1,5.96
11,1642349,Ajay Mitchell,1610612760,OKC,57,50,7,1473.0,604067,114.4,61.1,53.3,4.58,5.01,4.16,1642349.0,25,25.842105263157894
12,201143,Al Horford,1610612744,GSW,45,22,23,969.0,362584,68.7,37.2,31.5,4.07,4.28,3.85,201143.0,20,21.533333333333335
13,1630828,Alex Antetokounmpo,1610612749,MIL,6,2,4,21.0,7737,1.5,0.8,0.7,3.98,4.31,3.66,1630828.0,29,3.5
14,1627936,Alex Caruso,1610612760,OKC,56,47,9,1020.0,410969,77.8,40.0,37.8,4.36,4.71,4.05,1627936.0,9,18.214285714285715
15,1631457,Alex Morales,1610612753,ORL,4,3,1,24.0,9692,1.8,1.0,0.9,4.16,4.71,4.08,1631457.0,,6.0
16,1642259,Alex Sarr,1610612764,WAS,48,11,37,1305.0,509385,96.5,50.9,45.5,4.38,4.72,4.04,1642259.0,20,27.1875
17,1642918,Alijah Martin,1610612761,TOR,23,10,13,146.0,62387,11.8,6.1,5.7,4.44,4.64,4.25,1642918.0,55,6.3478260869565215
18,1631214,Alondes Williams,1610612764,WAS,4,2,2,101.0,41006,7.8,3.9,3.8,4.34,4.52,4.06,,,25.25
19,1630578,Alperen Sengun,1610612745,HOU,72,46,26,2398.0,848873,160.8,86.5,74.3,3.89,3.96,3.82,1630578.0,28,33.30555555555556
20,1642873,Amari Williams,1610612738,BOS,22,15,7,146.0,55611,10.5,5.9,4.6,4.04,4.13,3.94,1642873.0,77,6.636363636363637
21,1641708,Amen Thompson,1610612745,HOU,79,49,30,2953.0,1138535,215.6,118.4,97.2,4.22,4.44,3.98,1641708.0,1,37.379746835443036
22,1629599,Amir Coffey,1610612756,PHX,46,20,26,491.0,186564,35.3,18.1,17.3,4.16,4.23,4.1,1629599.0,2,10.673913043478262
23,1643158,Andersson Garcia,1610612762,UTA,5,1,4,169.0,69676,13.2,6.7,6.5,4.37,4.54,4.21,,,33.8
24,203083,Andre Drummond,1610612755,PHI,63,33,30,1231.0,450753,85.4,43.7,41.6,4.08,4.14,4.02,203083.0,1,19.53968253968254
25,1641748,Andre Jackson Jr.,1610612749,MIL,48,12,36,408.0,172532,32.7,17.9,14.8,4.54,4.91,4.16,1641748.0,44,8.5
26,1629614,Andrew Nembhard,1610612754,IND,57,13,44,1786.0,699324,132.4,71.9,60.5,4.31,4.77,3.86,1629614.0,2,31.333333333333332
27,203952,Andrew Wiggins,1610612748,MIA,68,35,33,2063.0,802699,152.0,79.0,73.0,4.32,4.78,3.92,203952.0,22,30.33823529411765
28,1629014,Anfernee Simons,1610612741,CHI,55,31,24,1372.0,542697,102.8,55.8,46.9,4.4,4.56,4.22,1629014.0,22,24.945454545454545
29,1641710,Anthony Black,1610612753,ORL,64,36,28,1910.0,741034,140.3,72.1,68.3,4.3,4.41,4.19,1641710.0,0,29.84375
30,203076,Anthony Davis,1610612764,WAS,20,10,10,626.0,207482,39.3,20.7,18.5,3.74,3.83,3.63,203076.0,23,31.3
31,1630162,Anthony Edwards,1610612750,MIN,61,37,24,2137.0,772112,146.2,79.5,66.7,4.0,4.32,3.67,1630162.0,5,35.032786885245905
32,1630264,Anthony Gill,1610612764,WAS,55,6,49,951.0,389471,73.8,39.7,34.0,4.34,4.6,4.06,1630264.0,16,17.29090909090909
33,1641810,Antonio Reeves,1610612766,CHA,10,4,6,68.0,25185,4.8,2.6,2.1,4.31,4.34,4.09,1641810.0,12,6.8
34,1630574,Ariel Hukporti,1610612752,NYK,54,35,19,498.0,202158,38.3,19.9,18.4,4.41,4.47,4.35,1630574.0,55,9.222222222222221
35,1642854,Asa Newell,1610612737,ATL,44,23,21,500.0,216983,41.1,22.0,19.0,4.77,5.12,4.39,1642854.0,14,11.363636363636363
36,1641709,Ausar Thompson,1610612765,DET,73,53,20,1896.0,755545,143.1,72.6,70.5,4.37,4.53,4.22,1641709.0,9,25.972602739726028
37,1630559,Austin Reaves,1610612747,LAL,51,36,15,1762.0,631557,119.6,66.0,53.6,3.99,4.35,3.62,1630559.0,15,34.549019607843135
38,1630245,Ayo Dosunmu,1610612750,MIN,69,36,33,1881.0,743811,140.9,74.9,66.0,4.34,4.74,3.96,1630245.0,13,27.26086956521739
39,1628389,Bam Adebayo,1610612748,MIA,73,37,36,2365.0,908459,172.1,90.0,82.1,4.22,4.71,3.79,1628389.0,13,32.397260273972606
40,1631248,Baylor Scheierman,1610612738,BOS,77,54,23,1429.0,557396,105.6,56.2,49.4,4.21,4.23,4.19,1631248.0,55,18.558441558441558
41,1642879,Ben Saraf,1610612751,BKN,44,10,34,916.0,372080,70.5,38.6,31.9,4.38,4.7,4.04,1642879.0,77,20.818181818181817
42,1641767,Ben Sheppard,1610612754,IND,65,16,49,1390.0,590635,111.9,58.7,53.1,4.71,4.96,4.45,1641767.0,26,21.384615384615383
43,1631097,Bennedict Mathurin,1610612746,LAC,54,22,32,1620.0,634746,120.2,63.4,56.8,4.28,4.55,4.01,1631097.0,9,30.0
44,1643016,Bez Mbeng,1610612762,UTA,15,2,13,492.0,209628,39.7,20.4,19.3,4.5,4.78,4.23,1643016.0,21,32.8
45,1641731,Bilal Coulibaly,1610612764,WAS,56,14,42,1468.0,591259,112.0,59.1,52.8,4.43,4.7,4.16,1641731.0,0,26.214285714285715
46,202687,Bismack Biyombo,1610612759,SAS,25,20,5,141.0,52868,10.0,5.5,4.5,4.13,4.24,4.0,202687.0,18,5.64
47,1642396,Blake Hinson,1610612762,UTA,14,4,10,285.0,115636,21.9,11.4,10.5,4.31,4.52,4.1,1642396.0,2,20.357142857142858
48,1631104,Blake Wesley,1610612757,POR,31,20,11,361.0,153778,29.1,15.1,14.0,4.61,4.82,4.41,1631104.0,1,11.64516129032258
49,1626171,Bobby Portis,1610612749,MIL,67,26,41,1619.0,616199,116.7,61.5,55.2,4.22,4.43,4.01,1626171.0,9,24.16417910447761
50,1641752,Bobi Klintman,1610612765,DET,12,8,4,71.0,29748,5.6,2.9,2.8,4.73,5.0,4.63,,,5.916666666666667
51,203992,Bogdan Bogdanović,1610612746,LAC,23,8,15,452.0,167805,31.8,17.1,14.7,4.18,4.5,3.87,203992.0,7,19.652173913043477
52,1630538,Bones Hyland,1610612750,MIN,71,42,29,1177.0,477691,90.5,48.2,42.3,4.38,4.69,4.07,1630538.0,8,16.577464788732396
53,203078,Bradley Beal,1610612746,LAC,6,2,4,121.0,43718,8.3,4.4,3.9,4.4,4.45,4.34,203078.0,0,20.166666666666668
54,1642382,Branden Carlson,1610612760,OKC,42,32,10,488.0,192217,36.4,19.1,17.3,4.35,4.67,4.05,1642382.0,15,11.619047619047619
55,1641764,Brandin Podziemski,1610612744,GSW,82,37,45,2333.0,935263,177.1,98.7,78.4,4.38,4.69,4.05,1641764.0,2,28.451219512195124
56,1629634,Brandon Clarke,1610612763,MEM,2,1,1,20.0,8014,1.5,0.7,0.8,4.18,4.12,4.24,1629634.0,15,10.0
57,1627742,Brandon Ingram,1610612761,TOR,77,43,34,2604.0,940705,178.2,93.4,84.7,3.99,4.26,3.73,1627742.0,3,33.81818181818182
58,1641706,Brandon Miller,1610612766,CHA,65,41,24,1968.0,775653,146.9,82.7,64.3,4.24,4.58,3.88,1641706.0,24,30.276923076923076
59,1630314,Brandon Williams,1610612742,DAL,66,23,43,1463.0,608888,115.3,62.3,53.0,4.56,4.97,4.16,1630314.0,10,22.166666666666668
60,1641729,Brice Sensabaugh,1610612762,UTA,75,18,57,1762.0,685443,129.8,68.7,61.2,4.21,4.47,3.96,1641729.0,28,23.493333333333332
61,1642355,Bronny James,1610612747,LAL,42,24,18,375.0,144440,27.4,15.2,12.1,4.19,4.45,3.87,1642355.0,9,8.928571428571429
62,201572,Brook Lopez,1610612746,LAC,75,41,34,1635.0,586498,111.1,57.0,54.1,3.88,3.94,3.82,201572.0,11,21.8
63,1642964,Brooks Barnhizer,1610612760,OKC,40,29,11,348.0,144297,27.3,14.2,13.1,4.57,4.82,4.34,1642964.0,23,8.7
64,1628971,Bruce Brown,1610612743,DEN,82,54,28,1998.0,742080,140.5,75.3,65.2,4.04,4.25,3.83,1628971.0,11,24.365853658536587
65,1631121,Bryce McGowens,1610612740,NOP,42,14,28,880.0,361629,68.5,36.1,32.4,4.51,4.78,4.26,1631121.0,11,20.952380952380953
66,1642267,Bub Carrington,1610612764,WAS,82,17,65,2271.0,903755,171.2,92.2,78.9,4.4,4.74,4.05,1642267.0,7,27.695121951219512
67,1631205,Buddy Boeheim,1610612760,OKC,4,2,2,15.0,6131,1.2,0.6,0.6,4.52,4.56,4.49,,,3.75
68,1627741,Buddy Hield,1610612737,ATL,51,25,26,819.0,351595,66.6,36.2,30.4,4.85,5.06,4.61,1627741.0,8,16.058823529411764
69,1643047,CJ Huntley,1610612756,PHX,4,3,1,40.0,16425,3.1,1.7,1.4,4.29,4.29,4.29,1643047.0,22,10.0
70,203468,CJ McCollum,1610612737,ATL,76,37,39,2263.0,934036,176.9,97.4,79.5,4.56,5.09,4.05,203468.0,3,29.776315789473685
71,1630595,Cade Cunningham,1610612765,DET,64,47,17,2172.0,829201,157.0,87.6,69.5,4.28,4.87,3.73,1630595.0,2,33.9375
72,1631216,Caleb Houstan,1610612737,ATL,18,12,6,75.0,30156,5.7,3.2,2.5,4.37,4.72,3.99,,,4.166666666666667
73,1631126,Caleb Love,1610612757,POR,49,24,25,1013.0,401401,76.0,40.3,35.7,4.36,4.58,4.13,1631126.0,2,20.6734693877551
74,1628997,Caleb Martin,1610612742,DAL,58,20,38,856.0,359414,68.1,36.1,31.9,4.55,4.91,4.19,1628997.0,16,14.758620689655173
75,1642353,Cam Christie,1610612746,LAC,55,26,29,480.0,194043,36.8,19.3,17.5,4.46,4.66,4.26,1642353.0,12,8.727272727272727
76,1642285,Cam Spencer,1610612763,MEM,72,23,49,1714.0,698757,132.3,72.1,60.2,4.48,4.94,4.04,1642285.0,24,23.805555555555557
77,1630560,Cam Thomas,1610612749,MIL,42,12,30,881.0,346015,65.5,36.3,29.2,4.28,4.58,3.97,,,20.976190476190474
78,1641715,Cam Whitmore,1610612764,WAS,21,3,18,354.0,128954,24.4,13.0,11.5,4.34,4.73,4.01,1641715.0,1,16.857142857142858
79,1629661,Cameron Johnson,1610612743,DEN,54,37,17,1647.0,616370,116.7,63.0,53.8,4.19,4.51,3.88,1629661.0,23,30.5
80,1626166,Cameron Payne,1610612755,PHI,22,12,10,374.0,154204,29.2,16.2,13.0,4.34,4.74,3.92,,,17.0
81,1627747,Caris LeVert,1610612765,DET,60,44,16,1154.0,448987,85.0,45.9,39.1,4.3,4.67,3.94,1627747.0,8,19.233333333333334
82,1642868,Carter Bryant,1610612759,SAS,71,56,15,818.0,333426,63.1,31.2,32.0,4.47,4.53,4.43,1642868.0,11,11.52112676056338
83,1641717,Cason Wallace,1610612760,OKC,77,61,16,2046.0,816288,154.6,79.3,75.3,4.42,4.63,4.22,1641717.0,22,26.571428571428573
84,1642907,Cedric Coward,1610612763,MEM,62,20,42,1598.0,649390,123.0,64.1,58.9,4.53,4.84,4.24,1642907.0,23,25.774193548387096
85,1643052,Chaney Johnson,1610612751,BKN,17,4,13,348.0,142640,27.0,13.8,13.2,4.29,4.49,4.1,1643052.0,31,20.470588235294116
86,1629646,Charles Bassey,1610612744,GSW,13,4,9,153.0,60397,11.4,6.2,5.3,4.24,4.55,4.0,1629646.0,28,11.76923076923077
87,1642404,Chaz Lanier,1610612765,DET,34,28,6,262.0,104384,19.8,10.7,9.1,4.41,4.54,4.28,1642404.0,20,7.705882352941177
88,1631096,Chet Holmgren,1610612760,OKC,69,56,13,1997.0,771266,146.1,77.8,68.3,4.27,4.64,3.92,1631096.0,7,28.942028985507246
89,1628449,Chris Boucher,1610612738,BOS,9,4,5,94.0,33926,6.4,3.2,3.2,4.27,4.29,4.24,,,10.444444444444445
90,1641753,Chris Livingston,1610612739,CLE,3,2,1,17.0,6678,1.3,0.7,0.6,4.67,4.81,4.52,,,5.666666666666667
91,1643024,Chris Mañon,1610612747,LAL,9,4,5,46.0,18328,3.5,1.7,1.8,4.2,4.1,4.31,1643024.0,30,5.111111111111111
92,101108,Chris Paul,1610612746,LAC,16,4,12,228.0,74409,14.1,7.8,6.3,3.93,4.07,3.77,,,14.25
93,1642959,Chris Youngblood,1610612757,POR,34,29,5,185.0,73699,14.0,7.5,6.5,4.47,4.74,4.19,1642959.0,3,5.4411764705882355
94,1631128,Christian Braun,1610612743,DEN,44,29,15,1399.0,552455,104.6,54.7,50.0,4.31,4.51,4.13,1631128.0,0,31.795454545454547
95,1631132,Christian Koloko,1610612737,ATL,27,16,11,357.0,148061,28.0,14.4,13.7,4.41,4.64,4.22,1631132.0,10,13.222222222222221
96,1642935,Chucky Hepburn,1610612761,TOR,2,0,2,13.0,5455,1.0,0.5,0.5,4.85,5.36,4.43,1642935.0,24,6.5
97,203991,Clint Capela,1610612745,HOU,75,47,28,926.0,342228,64.8,34.8,30.0,4.06,4.16,3.94,203991.0,30,12.346666666666666
98,1629632,Coby White,1610612766,CHA,50,29,21,1250.0,484031,91.7,50.8,40.9,4.21,4.65,3.77,1629632.0,3,25.0
99,1628998,Cody Martin,1610612754,IND,4,0,4,55.0,21586,4.1,2.1,2.0,4.67,5.2,4.21,,,13.75
100,1642262,Cody Williams,1610612762,UTA,67,16,51,1631.0,695037,131.6,69.6,62.1,4.59,4.9,4.29,1642262.0,5,24.34328358208955
101,1641732,Colby Jones,1610612765,DET,1,0,1,7.0,2799,0.5,0.2,0.3,4.51,4.58,4.46,,,7.0
102,1630175,Cole Anthony,1610612749,MIL,35,12,23,527.0,208230,39.4,21.4,18.1,4.55,4.94,4.19,,,15.057142857142857
103,1630658,Colin Castleton,1610612753,ORL,4,3,1,21.0,8006,1.5,0.8,0.7,3.81,4.14,3.5,1630658.0,14,5.25
104,1631221,Collin Gillespie,1610612756,PHX,80,43,37,2282.0,956663,181.2,97.5,83.7,4.61,4.92,4.3,1631221.0,12,28.525
105,1642867,Collin Murray-Boyles,1610612761,TOR,57,31,26,1246.0,507985,96.2,48.5,47.7,4.45,4.68,4.25,1642867.0,12,21.859649122807017
106,1629012,Collin Sexton,1610612741,CHI,68,25,43,1613.0,644182,122.0,66.0,56.0,4.38,4.73,4.03,1629012.0,2,23.720588235294116
107,1642843,Cooper Flagg,1610612742,DAL,70,22,48,2344.0,915010,173.3,96.5,76.8,4.33,4.77,3.87,1642843.0,32,33.48571428571429
108,1630557,Corey Kispert,1610612737,ATL,58,27,31,1080.0,454031,86.0,46.8,39.2,4.66,5.22,4.13,1630557.0,24,18.620689655172413
109,1642504,Cormac Ryan,1610612749,MIL,11,2,9,271.0,106944,20.3,10.9,9.3,4.18,4.6,3.74,1642504.0,30,24.636363636363637
110,1641854,Craig Porter Jr.,1610612739,CLE,64,43,21,1148.0,475970,90.1,45.9,44.2,4.55,4.78,4.33,1641854.0,9,17.9375
111,1642938,Curtis Jones,1610612743,DEN,10,8,2,88.0,36397,6.9,3.9,3.0,4.44,4.72,4.12,1642938.0,1,8.8
112,1626156,D'Angelo Russell,1610612764,WAS,26,9,17,495.0,185610,35.2,19.2,16.0,4.37,4.82,3.92,1626156.0,5,19.03846153846154
113,1629610,DaQuan Jeffries,1610612758,SAC,3,0,3,60.0,24094,4.6,2.4,2.1,4.28,4.42,3.94,,,20.0
114,1641747,DaRon Holmes II,1610612743,DEN,25,17,8,210.0,81297,15.4,8.3,7.1,4.13,4.33,3.92,1641747.0,14,8.4
115,1631342,Daeqwon Plowden,1610612758,SAC,32,9,23,844.0,357997,67.8,36.7,31.1,4.51,4.82,4.2,1631342.0,29,26.375
116,1630625,Dalano Banton,1610612738,BOS,6,4,2,62.0,24849,4.7,2.6,2.1,4.12,4.45,3.77,1630625.0,45,10.333333333333334
117,1631207,Dalen Terry,1610612755,PHI,48,22,26,551.0,240005,45.5,23.9,21.6,4.77,5.17,4.39,1631207.0,14,11.479166666666666
118,1642261,Dalton Knecht,1610612747,LAL,54,34,20,553.0,202864,38.4,21.4,17.0,4.11,4.4,3.79,1642261.0,4,10.24074074074074
119,1629655,Daniel Gafford,1610612742,DAL,55,12,43,1195.0,478163,90.6,46.6,44.0,4.4,4.55,4.25,1629655.0,21,21.727272727272727
120,1642450,Daniss Jenkins,1610612765,DET,72,54,18,1455.0,604167,114.4,61.7,52.7,4.51,4.79,4.22,1642450.0,24,20.208333333333332
121,1642874,Danny Wolf,1610612751,BKN,57,14,43,1187.0,484169,91.7,49.8,41.9,4.39,4.78,4.01,1642874.0,2,20.82456140350877
122,203967,Dario Saric,1610612758,SAC,5,1,4,41.0,15495,2.9,1.5,1.5,4.23,4.62,4.16,,,8.2
123,1641727,Dariq Whitehead,1610612763,MEM,6,0,6,183.0,68015,12.9,6.8,6.1,3.97,4.19,3.75,,,30.5
124,1642468,Darius Brown,1610612739,CLE,1,1,0,3.0,1177,0.2,0.1,0.1,4.23,3.95,4.56,,,3.0
125,1629636,Darius Garland,1610612746,LAC,45,26,19,1344.0,516405,97.8,52.4,45.4,4.21,4.66,3.8,1629636.0,10,29.866666666666667
126,1642357,David Jones Garcia,1610612759,SAS,11,7,4,68.0,28600,5.4,2.7,2.7,4.84,4.89,4.79,1642357.0,25,6.181818181818182
127,1631223,David Roddy,1610612743,DEN,5,4,1,73.0,30541,5.8,3.3,2.5,4.43,4.59,4.24,1631223.0,45,14.6
128,1630558,Davion Mitchell,1610612748,MIA,70,37,33,2000.0,792248,150.0,78.5,71.6,4.43,4.97,3.96,1630558.0,45,28.571428571428573
129,1630549,Day'Ron Sharpe,1610612751,BKN,62,17,45,1160.0,465938,88.2,46.0,42.2,4.39,4.51,4.27,1630549.0,20,18.70967741935484
130,1628368,De'Aaron Fox,1610612759,SAS,72,55,17,2231.0,862923,163.4,85.3,78.1,4.28,4.65,3.95,1628368.0,4,30.98611111111111
131,1629631,De'Andre Hunter,1610612758,SAC,45,24,21,1175.0,433521,82.1,43.9,38.2,4.15,4.6,3.73,1629631.0,15,26.11111111111111
132,1629001,De'Anthony Melton,1610612744,GSW,49,22,27,1125.0,469566,88.9,49.3,39.6,4.43,4.84,4.0,1629001.0,8,22.959183673469386
133,201599,DeAndre Jordan,1610612740,NOP,12,6,6,199.0,66040,12.5,6.6,5.9,3.55,3.7,3.39,201599.0,9,16.583333333333332
134,1630610,DeJon Jarreau,1610612763,MEM,11,2,9,231.0,97942,18.5,9.6,9.0,4.49,4.74,4.29,,,21.0
135,201942,DeMar DeRozan,1610612758,SAC,77,20,57,2406.0,870937,165.0,89.5,75.4,4.01,4.26,3.74,201942.0,10,31.246753246753247
136,1629731,Dean Wade,1610612739,CLE,59,36,23,1318.0,538197,101.9,52.2,49.7,4.53,4.79,4.29,1629731.0,32,22.338983050847457
137,1629028,Deandre Ayton,1610612747,LAL,72,46,26,1958.0,699910,132.6,68.4,64.2,3.96,4.02,3.9,1629028.0,5,27.194444444444443
138,1627749,Dejounte Murray,1610612740,NOP,14,5,9,389.0,153951,29.2,15.2,14.0,4.19,4.45,3.95,1627749.0,5,27.785714285714285
139,1630166,Deni Avdija,1610612757,POR,66,35,31,2199.0,838677,158.8,86.4,72.5,4.22,4.67,3.79,1630166.0,8,33.31818181818182
140,203471,Dennis Schröder,1610612739,CLE,70,29,41,1696.0,679360,128.7,68.0,60.7,4.37,4.7,4.06,203471.0,8,24.228571428571428
141,1641726,Dereck Lively II,1610612742,DAL,7,3,4,115.0,44559,8.4,4.6,3.9,4.55,4.95,4.25,1641726.0,2,16.428571428571427
142,1642852,Derik Queen,1610612740,NOP,81,26,55,2023.0,726712,137.6,72.6,65.1,3.94,4.22,3.67,1642852.0,22,24.97530864197531
143,1627884,Derrick Jones Jr.,1610612746,LAC,50,26,24,1350.0,530011,100.4,52.3,48.1,4.28,4.37,4.19,1627884.0,5,27.0
144,1628401,Derrick White,1610612738,BOS,77,52,25,2625.0,997860,189.0,106.8,82.2,4.18,4.51,3.82,1628401.0,9,34.09090909090909
145,1630217,Desmond Bane,1610612753,ORL,82,45,37,2756.0,1073863,203.4,108.2,95.2,4.27,4.56,3.99,1630217.0,3,33.609756097560975
146,1626164,Devin Booker,1610612756,PHX,64,37,27,2146.0,785283,148.7,82.3,66.4,4.03,4.45,3.6,1626164.0,1,33.53125
147,1642269,Devin Carter,1610612758,SAC,38,8,30,700.0,288241,54.6,29.6,25.0,4.41,4.71,4.1,1642269.0,22,18.42105263157895
148,1630170,Devin Vassell,1610612759,SAS,67,52,15,2044.0,794055,150.4,79.7,70.7,4.4,4.83,4.01,1630170.0,24,30.507462686567163
149,1628415,Dillon Brooks,1610612756,PHX,56,32,24,1702.0,632818,119.9,61.2,58.6,4.09,4.27,3.92,1628415.0,3,30.392857142857142
150,1641794,Dillon Jones,1610612752,NYK,7,5,2,39.0,16342,3.1,1.7,1.4,4.36,4.49,4.21,1641794.0,,5.571428571428571
151,1627734,Domantas Sabonis,1610612758,SAC,19,3,16,564.0,215372,40.8,21.6,19.2,4.37,4.54,4.19,1627734.0,11,29.68421052631579
152,1631230,Dominick Barlow,1610612755,PHI,71,40,31,1689.0,706923,133.9,70.3,63.6,4.6,4.8,4.4,1631230.0,25,23.788732394366196
153,1642270,Donovan Clingan,1610612757,POR,77,41,36,2094.0,780636,147.8,78.6,69.2,4.1,4.37,3.83,1642270.0,23,27.194805194805195
154,1628378,Donovan Mitchell,1610612739,CLE,70,45,25,2342.0,878046,166.3,91.5,74.8,4.13,4.75,3.56,1628378.0,45,33.457142857142856
155,1628978,Donte DiVincenzo,1610612750,MIN,82,49,33,2494.0,975795,184.8,97.9,86.9,4.34,4.64,4.05,1628978.0,0,30.414634146341463
156,1627827,Dorian Finney-Smith,1610612745,HOU,37,23,14,620.0,237654,45.0,24.2,20.8,4.05,4.18,3.91,1627827.0,2,16.756756756756758
157,203926,Doug McDermott,1610612758,SAC,29,8,21,439.0,177700,33.7,18.7,15.0,4.3,4.7,3.9,203926.0,7,15.137931034482758
158,1642962,Drake Powell,1610612751,BKN,63,16,47,1320.0,536021,101.5,53.4,48.1,4.41,4.67,4.16,1642962.0,4,20.952380952380953
159,203110,Draymond Green,1610612744,GSW,68,31,37,1869.0,661256,125.2,67.5,57.7,3.89,4.15,3.62,203110.0,23,27.485294117647058
160,1629234,Drew Eubanks,1610612758,SAC,42,10,32,552.0,215194,40.8,21.3,19.4,4.46,4.75,4.17,1629234.0,19,13.142857142857142
161,1641809,Drew Peterson,1610612766,CHA,6,1,5,64.0,23728,4.5,2.4,2.1,4.34,4.62,4.07,,,10.666666666666666
162,1631166,Drew Timme,1610612747,LAL,27,18,9,235.0,92469,17.5,9.3,8.2,4.18,4.31,4.03,1631166.0,17,8.703703703703704
163,1630696,Dru Smith,1610612748,MIA,70,38,32,1141.0,479546,90.8,47.4,43.5,4.64,5.11,4.23,1630696.0,12,16.3
164,1629130,Duncan Robinson,1610612765,DET,77,58,19,2113.0,857412,162.4,87.1,75.3,4.52,4.86,4.18,1629130.0,55,27.441558441558442
165,1641871,Duop Reath,1610612757,POR,32,16,16,258.0,98823,18.7,9.8,8.9,4.37,4.54,4.21,,,8.0625
166,203939,Dwight Powell,1610612742,DAL,63,19,44,904.0,372677,70.6,37.1,33.5,4.51,4.76,4.26,203939.0,7,14.34920634920635
167,1642928,Dylan Cardwell,1610612758,SAC,44,13,31,907.0,353366,66.9,35.5,31.4,4.1,4.27,3.93,1642928.0,32,20.613636363636363
168,1642844,Dylan Harper,1610612759,SAS,69,53,16,1558.0,621041,117.6,61.3,56.3,4.38,4.64,4.13,1642844.0,2,22.579710144927535
169,1630700,Dyson Daniels,1610612737,ATL,76,44,32,2520.0,1021863,193.5,100.4,93.1,4.49,4.9,4.12,1630700.0,5,33.1578947368421
170,1630604,E.J. Liddell,1610612751,BKN,26,5,21,349.0,136561,25.9,13.9,11.9,4.16,4.47,3.82,1630604.0,9,13.423076923076923
171,1642856,Egor Dëmin,1610612751,BKN,52,14,38,1308.0,543770,103.0,58.1,44.9,4.63,5.18,4.07,1642856.0,8,25.153846153846153
172,1641989,Elijah Harkless,1610612762,UTA,26,5,21,545.0,212077,40.2,20.5,19.7,4.15,4.36,3.96,1641989.0,16,20.96153846153846
173,1641801,Emanuel Miller,1610612759,SAS,5,0,5,33.0,12758,2.4,1.3,1.1,4.48,4.8,4.16,1641801.0,14,6.6
174,1642402,Enrique Freeman,1610612750,MIN,4,3,1,37.0,15892,3.0,1.5,1.5,4.39,4.36,4.44,1642402.0,25,9.25
175,201569,Eric Gordon,1610612755,PHI,6,3,3,74.0,24642,4.7,2.5,2.1,3.85,3.99,3.54,,,12.333333333333334
176,1630679,Ethan Thompson,1610612754,IND,32,8,24,653.0,285544,54.1,29.3,24.7,4.75,5.31,4.2,1630679.0,55,20.40625
177,1630596,Evan Mobley,1610612739,CLE,65,40,25,2074.0,802420,152.0,80.2,71.8,4.3,4.76,3.89,1630596.0,4,31.907692307692308
178,1630532,Franz Wagner,1610612753,ORL,34,20,14,1019.0,405435,76.8,41.0,35.8,4.57,4.96,4.19,1630532.0,22,29.970588235294116
179,1641713,GG Jackson,1610612763,MEM,55,16,39,1178.0,484774,91.8,47.1,44.7,4.39,4.64,4.16,1641713.0,45,21.418181818181818
180,1629216,Gabe Vincent,1610612737,ATL,53,36,17,879.0,344486,65.2,35.0,30.2,4.3,4.61,3.98,1629216.0,4,16.58490566037736
181,202066,Garrett Temple,1610612761,TOR,22,10,12,73.0,28433,5.4,2.8,2.5,4.06,4.42,3.58,202066.0,17,3.3181818181818183
182,1629726,Garrison Mathews,1610612754,IND,15,4,11,196.0,78356,14.8,8.1,6.7,4.58,5.05,4.11,,,13.066666666666666
183,203914,Gary Harris,1610612749,MIL,48,15,33,661.0,259979,49.2,25.6,23.6,4.36,4.48,4.24,203914.0,11,13.770833333333334
184,1627780,Gary Payton II,1610612744,GSW,73,33,40,1142.0,501045,94.9,50.0,44.9,4.77,4.99,4.55,1627780.0,0,15.643835616438356
185,1629018,Gary Trent Jr.,1610612749,MIL,65,24,41,1377.0,488261,92.5,47.5,45.0,3.99,4.05,3.92,1629018.0,5,21.184615384615384
186,203507,Giannis Antetokounmpo,1610612749,MIL,36,17,19,1039.0,369949,70.1,38.1,31.9,3.99,4.38,3.59,203507.0,34,28.86111111111111
187,1629048,Goga Bitadze,1610612753,ORL,64,34,30,972.0,378440,71.7,37.5,34.2,4.3,4.48,4.13,1629048.0,35,15.1875
188,1641711,Gradey Dick,1610612761,TOR,76,43,33,1067.0,439583,83.3,41.9,41.3,4.52,4.67,4.36,1641711.0,1,14.039473684210526
189,1641761,Grant Nelson,1610612751,BKN,4,0,4,35.0,14735,2.8,1.3,1.4,4.34,4.31,4.07,,,8.75
190,1629684,Grant Williams,1610612766,CHA,36,25,11,711.0,270249,51.2,28.0,23.1,3.99,4.11,3.84,1629684.0,2,19.75
191,1628960,Grayson Allen,1610612756,PHX,51,26,25,1467.0,576012,109.1,60.3,48.8,4.32,4.79,3.85,1628960.0,8,28.764705882352942
192,1627824,Guerschon Yabusele,1610612741,CHI,67,32,35,1007.0,401548,76.1,40.5,35.6,4.35,4.6,4.1,1627824.0,28,15.029850746268657
193,1630611,Gui Santos,1610612744,GSW,68,29,39,1395.0,586667,111.1,60.8,50.3,4.5,4.78,4.2,1630611.0,15,20.514705882352942
194,203084,Harrison Barnes,1610612759,SAS,77,57,20,1986.0,781062,147.9,77.0,70.9,4.37,4.63,4.13,203084.0,40,25.792207792207794
195,1631127,Harrison Ingram,1610612759,SAS,7,6,1,26.0,9977,1.9,1.1,0.8,4.06,4.3,3.77,1631127.0,55,3.7142857142857144
196,1643060,Hayden Gray,1610612762,UTA,1,0,1,25.0,10216,1.9,1.0,1.0,4.35,5.09,4.16,1643060.0,,25.0
197,1629312,Haywood Highsmith,1610612756,PHX,7,4,3,91.0,38285,7.3,3.9,3.4,4.46,4.66,4.24,1629312.0,7,13.0
198,1630529,Herbert Jones,1610612740,NOP,56,22,34,1588.0,616846,116.8,60.5,56.3,4.27,4.49,4.05,1630529.0,2,28.357142857142858
199,1642864,Hugo González,1610612738,BOS,74,51,23,1084.0,455369,86.2,44.5,41.8,4.55,4.51,4.61,1642864.0,28,14.64864864864865
200,1630621,Hunter Dickinson,1610612740,NOP,5,1,4,42.0,16466,3.1,1.7,1.4,4.22,4.52,3.91,1630621.0,4,8.4
201,1642282,Hunter Sallis,1610612755,PHI,7,3,4,26.0,10574,2.0,1.1,0.9,4.74,5.04,4.42,,,3.7142857142857144
202,1641816,Hunter Tyson,1610612743,DEN,21,15,6,162.0,67201,12.7,6.9,5.8,4.49,4.76,4.2,,,7.714285714285714
203,1630193,Immanuel Quickley,1610612761,TOR,70,41,29,2231.0,901571,170.8,91.2,79.6,4.46,4.89,4.05,1630193.0,5,31.87142857142857
204,1642403,Isaac Jones,1610612765,DET,7,5,2,36.0,13702,2.6,1.3,1.3,4.16,4.02,4.32,1642403.0,3,5.142857142857143
205,1630171,Isaac Okoro,1610612741,CHI,63,26,37,1695.0,700283,132.6,68.4,64.2,4.52,4.79,4.27,1630171.0,35,26.904761904761905
206,1642268,Isaiah Collier,1610612762,UTA,59,16,43,1517.0,590133,111.8,62.5,49.2,4.21,4.65,3.75,1642268.0,8,25.71186440677966
207,1642384,Isaiah Crawford,1610612745,HOU,14,8,6,92.0,36599,6.9,3.6,3.3,4.18,4.31,4.06,1642384.0,27,6.571428571428571
208,1628392,Isaiah Hartenstein,1610612760,OKC,47,39,8,1137.0,452575,85.7,45.9,39.8,4.49,4.82,4.16,1628392.0,55,24.19148936170213
209,1630543,Isaiah Jackson,1610612746,LAC,55,20,35,908.0,357307,67.7,35.2,32.5,4.41,4.65,4.17,1630543.0,23,16.509090909090908
210,1630198,Isaiah Joe,1610612760,OKC,71,56,15,1507.0,620845,117.6,62.7,54.9,4.49,4.85,4.14,1630198.0,11,21.225352112676056
211,1630587,Isaiah Livers,1610612756,PHX,36,21,15,347.0,139266,26.4,13.7,12.6,4.46,4.57,4.31,1630587.0,18,9.63888888888889
212,1641815,Isaiah Stevens,1610612758,SAC,3,0,3,43.0,17365,3.3,1.7,1.6,4.32,4.47,4.16,1641815.0,24,14.333333333333334
213,1630191,Isaiah Stewart,1610612765,DET,58,42,16,1317.0,476037,90.2,46.2,44.0,4.06,4.14,3.99,1630191.0,28,22.70689655172414
214,1627826,Ivica Zubac,1610612754,IND,48,17,31,1447.0,519462,98.4,52.4,46.0,4.08,4.18,3.97,1627826.0,40,30.145833333333332
215,1631120,JD Davison,1610612745,HOU,28,23,5,218.0,85502,16.2,8.8,7.4,4.24,4.34,4.11,1631120.0,4,7.785714285714286
216,1629630,Ja Morant,1610612763,MEM,20,7,13,568.0,213834,40.5,21.7,18.8,4.28,4.71,3.87,1629630.0,12,28.4
217,1642266,Ja'Kobe Walter,1610612761,TOR,72,41,31,1474.0,625135,118.4,59.9,58.5,4.61,4.82,4.42,1642266.0,14,20.47222222222222
218,1631095,Jabari Smith Jr.,1610612745,HOU,77,48,29,2705.0,1000632,189.5,101.5,88.0,4.04,4.12,3.96,1631095.0,10,35.12987012987013
219,1631133,Jabari Walker,1610612755,PHI,64,36,28,762.0,289785,54.9,28.9,26.0,4.2,4.31,4.08,1631133.0,33,11.90625
220,1631210,Jacob Toppin,1610612737,ATL,5,3,2,17.0,6542,1.2,0.7,0.5,4.28,4.87,3.65,,,3.4
221,1630702,Jaden Hardy,1610612764,WAS,57,13,44,898.0,358361,67.9,36.3,31.6,4.34,4.67,4.0,1630702.0,8,15.75438596491228
222,1631093,Jaden Ivey,1610612741,CHI,37,23,14,670.0,267547,50.7,27.1,23.5,4.32,4.67,3.96,,,18.10810810810811
223,1630183,Jaden McDaniels,1610612750,MIN,73,44,29,2316.0,911868,172.7,88.8,83.9,4.38,4.59,4.17,1630183.0,3,31.726027397260275
224,1630256,Jae'Sean Tate,1610612745,HOU,46,33,13,405.0,158898,30.1,16.3,13.8,4.28,4.43,4.12,1630256.0,8,8.804347826086957
225,1642942,Jahmai Mashack,1610612763,MEM,31,10,21,673.0,282766,53.6,27.7,25.9,4.45,4.6,4.3,1642942.0,,21.70967741935484
226,1642443,Jahmir Young,1610612748,MIA,14,10,4,58.0,24013,4.5,2.5,2.1,4.5,5.36,3.94,1642443.0,17,4.142857142857143
227,1643141,Jahmyl Telfort,1610612746,LAC,8,2,6,32.0,12095,2.3,1.1,1.1,4.28,4.41,3.82,,,4.0
228,1631170,Jaime Jaquez Jr.,1610612748,MIA,75,41,34,2121.0,913418,173.0,93.0,80.0,4.74,5.43,4.14,1631170.0,11,28.28
229,1631222,Jake LaRavia,1610612747,LAL,82,53,29,2061.0,845218,160.1,86.1,74.0,4.47,4.73,4.2,1631222.0,12,25.134146341463413
230,1627751,Jakob Poeltl,1610612761,TOR,46,26,20,1149.0,460729,87.3,45.2,42.0,4.49,4.75,4.23,1627751.0,19,24.97826086956522
231,1628973,Jalen Brunson,1610612752,NYK,74,50,24,2590.0,1006859,190.7,109.1,81.6,4.27,4.72,3.78,1628973.0,11,35.0
232,1631105,Jalen Duren,1610612765,DET,70,50,20,1976.0,745595,141.2,72.6,68.6,4.17,4.35,3.99,1631105.0,0,28.228571428571428
233,1630224,Jalen Green,1610612756,PHX,32,17,15,828.0,350260,66.3,36.8,29.5,4.52,4.89,4.13,1630224.0,4,25.875
234,1630552,Jalen Johnson,1610612737,ATL,72,42,30,2532.0,991752,187.8,101.1,86.8,4.32,4.84,3.84,1630552.0,1,35.166666666666664
235,1629618,Jalen Pickett,1610612743,DEN,50,34,16,807.0,312035,59.1,33.0,26.1,4.16,4.44,3.86,1629618.0,24,16.14
236,1641771,Jalen Slawson,1610612754,IND,13,3,10,311.0,127444,24.1,12.9,11.3,4.38,4.81,4.01,1641771.0,18,23.923076923076923
237,1630188,Jalen Smith,1610612741,CHI,53,26,27,1095.0,439251,83.2,44.4,38.8,4.43,4.83,4.05,1630188.0,25,20.660377358490567
238,1630591,Jalen Suggs,1610612753,ORL,57,34,23,1574.0,611824,115.9,62.9,52.9,4.26,4.65,3.87,1630591.0,4,27.614035087719298
239,1631114,Jalen Williams,1610612760,OKC,33,25,8,936.0,378623,71.7,38.6,33.1,4.43,4.97,3.93,1631114.0,8,28.363636363636363
240,1630592,Jalen Wilson,1610612751,BKN,54,10,44,859.0,348891,66.1,35.8,30.3,4.41,4.63,4.17,1630592.0,22,15.907407407407407
241,1631288,Jamal Cain,1610612753,ORL,40,22,18,486.0,200797,38.0,19.1,18.9,4.36,4.41,4.31,1631288.0,8,12.15
242,1627750,Jamal Murray,1610612743,DEN,75,48,27,2652.0,1009770,191.2,106.8,84.5,4.19,4.59,3.79,1627750.0,27,35.36
243,1642347,Jamal Shead,1610612761,TOR,82,46,36,1852.0,708788,134.2,69.9,64.3,4.16,4.44,3.88,1642347.0,23,22.585365853658537
244,1631123,Jamaree Bouyea,1610612756,PHX,46,23,23,644.0,262210,49.7,26.8,22.9,4.44,4.71,4.16,1631123.0,17,14.0
245,201935,James Harden,1610612739,CLE,70,40,30,2438.0,795984,150.8,82.1,68.7,3.59,3.8,3.37,201935.0,1,34.82857142857143
246,1630164,James Wiseman,1610612754,IND,4,0,4,58.0,24588,4.7,2.4,2.3,4.66,4.88,4.45,,,14.5
247,1642364,Jamir Watkins,1610612764,WAS,50,10,40,1032.0,425808,80.6,41.6,39.0,4.4,4.53,4.26,1642364.0,5,20.64
248,1642419,Jamison Battle,1610612761,TOR,61,35,26,517.0,210531,39.9,20.8,19.1,4.38,4.7,4.08,1642419.0,77,8.475409836065573
249,1641716,Jarace Walker,1610612754,IND,76,16,60,1953.0,754531,142.9,75.8,67.1,4.25,4.6,3.92,1641716.0,5,25.69736842105263
250,1642272,Jared McCain,1610612760,OKC,67,46,21,1160.0,477407,90.4,47.6,42.8,4.48,4.72,4.24,1642272.0,3,17.313432835820894
251,1628991,Jaren Jackson Jr.,1610612762,UTA,48,19,29,1455.0,531837,100.7,52.9,47.8,4.09,4.39,3.8,1628991.0,20,30.3125
252,1629020,Jarred Vanderbilt,1610612747,LAL,65,39,26,1128.0,461468,87.4,45.3,42.1,4.42,4.46,4.38,1629020.0,2,17.353846153846153
253,1628386,Jarrett Allen,1610612739,CLE,56,37,19,1519.0,584077,110.6,57.5,53.1,4.21,4.49,3.96,1628386.0,31,27.125
254,1642859,Jase Richardson,1610612753,ORL,54,26,28,587.0,255173,48.3,25.1,23.2,4.66,4.85,4.48,1642859.0,11,10.87037037037037
255,1642914,Javon Small,1610612763,MEM,41,13,28,830.0,349335,66.2,33.2,33.0,4.51,4.63,4.39,1642914.0,10,20.24390243902439
256,1631451,Javonte Cooke,1610612757,POR,19,6,13,94.0,40011,7.6,4.0,3.6,4.64,4.89,4.39,,,4.947368421052632
257,1629750,Javonte Green,1610612765,DET,82,60,22,1446.0,559092,105.9,54.5,51.4,4.25,4.38,4.13,1629750.0,31,17.634146341463413
258,1629637,Jaxson Hayes,1610612747,LAL,66,43,23,1207.0,428872,81.2,42.5,38.7,3.87,3.96,3.77,1629637.0,11,18.28787878787879
259,1630643,Jay Huff,1610612754,IND,82,19,63,1719.0,664486,125.8,65.9,60.0,4.26,4.54,4.0,1630643.0,32,20.963414634146343
260,1627759,Jaylen Brown,1610612738,BOS,71,47,24,2443.0,897545,170.0,95.4,74.6,4.06,4.36,3.73,1627759.0,7,34.40845070422535
261,1641740,Jaylen Clark,1610612750,MIN,68,40,28,888.0,346585,65.6,31.3,34.3,4.29,4.13,4.46,1641740.0,22,13.058823529411764
262,1642377,Jaylen Wells,1610612763,MEM,69,24,45,1821.0,723027,136.9,66.2,70.7,4.42,4.35,4.49,1642377.0,0,26.391304347826086
263,1631119,Jaylin Williams,1610612760,OKC,65,54,11,1277.0,452686,85.7,45.1,40.6,3.92,4.2,3.65,1631119.0,6,19.646153846153847
264,1642281,Jaylon Tyson,1610612739,CLE,66,41,25,1777.0,731607,138.6,70.6,67.9,4.54,4.81,4.28,1642281.0,20,26.924242424242426
265,1643257,Jayson Kent,1610612757,POR,5,4,1,22.0,8769,1.7,0.8,0.9,4.13,4.06,4.2,1643257.0,,4.4
266,1628369,Jayson Tatum,1610612738,BOS,16,13,3,522.0,186828,35.4,20.0,15.4,3.82,4.09,3.52,1628369.0,0,32.625
267,201145,Jeff Green,1610612745,HOU,30,22,8,175.0,59659,11.3,6.0,5.3,3.64,3.65,3.63,201145.0,32,5.833333333333333
268,203924,Jerami Grant,1610612757,POR,57,27,30,1695.0,651029,123.3,64.2,59.1,4.26,4.53,4.0,203924.0,9,29.736842105263158
269,1642847,Jeremiah Fears,1610612740,NOP,82,26,56,2112.0,857802,162.5,86.7,75.8,4.48,4.82,4.14,1642847.0,0,25.75609756097561
270,1630526,Jeremiah Robinson-Earl,1610612742,DAL,22,8,14,361.0,150762,28.6,14.8,13.8,4.92,5.22,4.64,,,16.40909090909091
271,1631110,Jeremy Sochan,1610612752,NYK,44,30,14,469.0,189117,35.8,18.5,17.3,4.55,4.86,4.26,1631110.0,20,10.659090909090908
272,1630579,Jericho Sims,1610612749,MIL,67,25,42,1318.0,524482,99.3,53.2,46.2,4.34,4.5,4.18,1630579.0,00,19.671641791044777
273,1641724,Jett Howard,1610612753,ORL,55,28,27,695.0,262162,49.7,25.8,23.8,4.06,4.15,3.96,1641724.0,13,12.636363636363637
274,1628975,Jevon Carter,1610612753,ORL,53,26,27,867.0,355255,67.3,35.0,32.3,4.43,4.64,4.23,1628975.0,2,16.358490566037737
275,202710,Jimmy Butler III,1610612744,GSW,38,23,15,1182.0,449929,85.2,46.0,39.2,4.29,4.49,4.09,202710.0,10,31.105263157894736
276,1642866,Joan Beringer,1610612750,MIN,40,22,18,314.0,136253,25.8,13.2,12.6,4.63,4.79,4.46,1642866.0,19,7.85
277,1629111,Jock Landale,1610612737,ATL,68,36,32,1506.0,574758,108.9,56.6,52.3,4.24,4.41,4.07,1629111.0,31,22.147058823529413
278,204060,Joe Ingles,1610612750,MIN,27,13,14,153.0,57599,10.9,5.8,5.1,3.96,4.27,3.65,204060.0,7,5.666666666666667
279,203954,Joel Embiid,1610612755,PHI,38,24,14,1201.0,403128,76.4,40.0,36.3,3.67,3.78,3.55,203954.0,21,31.605263157894736
280,1628381,John Collins,1610612746,LAC,69,32,37,1871.0,734288,139.1,73.8,65.3,4.35,4.51,4.18,1628381.0,20,27.115942028985508
281,1629723,John Konchar,1610612762,UTA,56,18,38,1115.0,466782,88.4,45.7,42.7,4.56,4.78,4.36,1629723.0,55,19.910714285714285
282,1642967,John Poulakidas,1610612742,DAL,13,3,10,253.0,107319,20.3,11.0,9.4,4.48,4.83,4.16,1642967.0,,19.46153846153846
283,1642910,John Tonje,1610612738,BOS,6,5,1,42.0,18941,3.6,2.0,1.6,4.59,4.76,4.41,1642910.0,8,7.0
284,1641780,Johni Broome,1610612755,PHI,11,5,6,55.0,21395,4.1,2.1,1.9,4.42,4.43,4.18,1641780.0,22,5.0
285,1642277,Johnny Furphy,1610612754,IND,35,10,25,643.0,288617,54.7,29.0,25.7,4.87,5.24,4.51,1642277.0,12,18.37142857142857
286,1630548,Johnny Juzang,1610612750,MIN,21,13,8,88.0,39703,7.5,3.9,3.7,4.79,5.07,4.63,,,4.190476190476191
287,202685,Jonas Valančiūnas,1610612743,DEN,65,42,23,871.0,310668,58.8,31.7,27.1,3.96,4.0,3.91,202685.0,17,13.4
288,1628371,Jonathan Isaac,1610612753,ORL,52,29,23,521.0,204564,38.7,20.3,18.4,4.32,4.52,4.12,1628371.0,1,10.01923076923077
289,1630228,Jonathan Kuminga,1610612737,ATL,36,22,14,831.0,330374,62.6,33.5,29.0,4.48,4.74,4.2,1630228.0,0,23.083333333333332
290,1642367,Jonathan Mogbo,1610612761,TOR,40,20,20,249.0,102219,19.4,9.6,9.7,4.35,4.42,4.25,1642367.0,2,6.225
291,203903,Jordan Clarkson,1610612752,NYK,72,45,27,1279.0,532552,100.9,54.1,46.8,4.6,4.85,4.34,203903.0,00,17.76388888888889
292,1630692,Jordan Goodwin,1610612756,PHX,70,39,31,1572.0,652295,123.5,63.7,59.9,4.51,4.63,4.39,1630692.0,23,22.457142857142856
293,1641722,Jordan Hawkins,1610612740,NOP,51,13,38,692.0,280799,53.2,27.9,25.3,4.49,4.73,4.25,1641722.0,24,13.568627450980392
294,1629162,Jordan McLaughlin,1610612759,SAS,44,37,7,282.0,115436,21.9,11.6,10.2,4.47,4.6,4.28,1629162.0,0,6.409090909090909
295,1641757,Jordan Miller,1610612746,LAC,60,36,24,1325.0,547991,103.8,56.2,47.6,4.37,4.73,4.01,1641757.0,22,22.083333333333332
296,1629673,Jordan Poole,1610612740,NOP,39,16,23,933.0,345661,65.5,36.3,29.1,4.03,4.47,3.58,1629673.0,3,23.923076923076923
297,1641775,Jordan Walsh,1610612738,BOS,68,46,22,1212.0,477402,90.4,46.8,43.6,4.36,4.33,4.39,1641775.0,27,17.823529411764707
298,1630631,Jose Alvarado,1610612752,NYK,69,28,41,1370.0,543408,102.9,54.1,48.8,4.38,4.59,4.17,1630631.0,5,19.855072463768117
299,1630581,Josh Giddey,1610612741,CHI,54,21,33,1731.0,680043,128.8,70.9,57.9,4.41,4.98,3.86,1630581.0,3,32.05555555555556
300,1630182,Josh Green,1610612766,CHA,58,37,21,908.0,389619,73.8,38.4,35.4,4.56,4.51,4.63,1630182.0,10,15.655172413793103
301,1628404,Josh Hart,1610612752,NYK,66,44,22,1994.0,768297,145.5,80.4,65.1,4.25,4.53,3.95,1628404.0,3,30.21212121212121
302,1631169,Josh Minott,1610612751,BKN,49,23,26,834.0,327023,61.9,31.8,30.1,4.43,4.56,4.3,1631169.0,00,17.020408163265305
303,1642490,Josh Oduro,1610612740,NOP,3,1,2,82.0,34821,6.6,3.4,3.2,4.48,4.74,4.24,1642490.0,,27.333333333333332
304,1629006,Josh Okogie,1610612745,HOU,78,49,29,1354.0,516031,97.7,49.4,48.3,4.21,4.11,4.32,1629006.0,20,17.358974358974358
305,201950,Jrue Holiday,1610612757,POR,53,28,25,1560.0,616288,116.7,61.9,54.8,4.3,4.7,3.93,201950.0,5,29.433962264150942
306,1630577,Julian Champagnie,1610612759,SAS,82,62,20,2266.0,883028,167.2,86.4,80.9,4.36,4.63,4.1,1630577.0,30,27.634146341463413
307,1641763,Julian Phillips,1610612750,MIN,48,19,29,427.0,175502,33.2,16.8,16.5,4.59,4.8,4.42,1641763.0,4,8.895833333333334
308,1642882,Julian Reese,1610612764,WAS,13,1,12,401.0,160314,30.4,16.0,14.3,4.24,4.3,4.15,1642882.0,,30.846153846153847
309,1631124,Julian Strawther,1610612743,DEN,57,38,19,861.0,355720,67.4,36.7,30.6,4.44,4.72,4.13,1631124.0,3,15.105263157894736
310,203944,Julius Randle,1610612750,MIN,79,47,32,2610.0,929005,175.9,92.1,83.9,3.93,4.14,3.73,203944.0,30,33.037974683544306
311,1630551,Justin Champagnie,1610612764,WAS,69,13,56,1377.0,554015,104.9,55.3,49.6,4.4,4.59,4.21,1630551.0,9,19.956521739130434
312,1642348,Justin Edwards,1610612755,PHI,64,37,27,977.0,385072,72.9,38.4,34.5,4.34,4.52,4.15,1642348.0,11,15.265625
313,203994,Jusuf Nurkić,1610612762,UTA,41,14,27,1083.0,390635,74.0,39.5,34.5,4.08,4.3,3.85,203994.0,30,26.414634146341463
314,1642354,KJ Simpson,1610612743,DEN,20,10,10,258.0,100738,19.1,10.5,8.6,4.53,4.76,4.27,1642354.0,25,12.9
315,1642955,Kadary Richmond,1610612764,WAS,3,2,1,67.0,26022,4.9,2.5,2.4,4.1,4.19,4.01,,,22.333333333333332
316,1642880,Kam Jones,1610612754,IND,37,6,31,616.0,264503,50.1,26.6,23.5,4.55,4.95,4.17,1642880.0,7,16.64864864864865
317,1626157,Karl-Anthony Towns,1610612752,NYK,75,49,26,2322.0,825200,156.3,81.1,75.2,3.94,3.98,3.89,1626157.0,32,30.96
318,1631255,Karlo Matković,1610612740,NOP,62,24,38,912.0,370197,70.1,36.3,33.8,4.38,4.62,4.15,1631255.0,17,14.709677419354838
319,1642857,Kasparas Jakučionis,1610612748,MIA,53,28,25,945.0,420727,79.7,42.5,37.2,4.75,5.36,4.21,1642857.0,25,17.830188679245282
320,202695,Kawhi Leonard,1610612746,LAC,65,37,28,2085.0,782569,148.2,80.6,67.6,4.1,4.39,3.8,202695.0,2,32.07692307692308
321,1630811,Keaton Wallace,1610612737,ATL,53,31,22,536.0,215636,40.8,22.1,18.7,4.59,5.01,4.17,1630811.0,2,10.11320754716981
322,1631099,Keegan Murray,1610612758,SAC,23,5,18,793.0,308344,58.4,30.6,27.8,4.37,4.59,4.15,1631099.0,13,34.47826086956522
323,1642276,Kel'el Ware,1610612748,MIA,77,39,38,1704.0,673952,127.6,66.2,61.4,4.4,4.82,4.01,1642276.0,7,22.12987012987013
324,1629640,Keldon Johnson,1610612759,SAS,82,62,20,1911.0,747656,141.6,74.1,67.5,4.32,4.55,4.09,1629640.0,3,23.304878048780488
325,203482,Kelly Olynyk,1610612759,SAS,42,33,9,360.0,140851,26.7,14.7,12.0,4.36,4.7,4.01,203482.0,8,8.571428571428571
326,1626162,Kelly Oubre Jr.,1610612755,PHI,50,27,23,1574.0,604971,114.6,58.9,55.7,4.19,4.29,4.09,1626162.0,9,31.48
327,1631113,Kennedy Chandler,1610612762,UTA,11,1,10,355.0,140241,26.6,13.8,12.8,4.16,4.49,3.85,,,32.27272727272727
328,1629026,Kenrich Williams,1610612760,OKC,56,41,15,855.0,328608,62.2,32.1,30.1,4.12,4.41,3.86,1629026.0,34,15.267857142857142
329,203484,Kentavious Caldwell-Pope,1610612763,MEM,51,20,31,1088.0,405690,76.8,39.8,37.0,4.2,4.41,4.0,203484.0,3,21.333333333333332
330,1631165,Keon Ellis,1610612739,CLE,72,31,41,1479.0,599246,113.5,57.2,56.3,4.4,4.53,4.27,1631165.0,14,20.541666666666668
331,1642352,Keshad Johnson,1610612748,MIA,32,16,16,280.0,117854,22.3,12.0,10.4,4.65,5.15,4.22,1642352.0,16,8.75
332,1642933,Keshon Gilbert,1610612737,ATL,4,0,4,74.0,32100,6.1,3.2,2.8,4.62,4.73,4.36,1642933.0,,18.5
333,201142,Kevin Durant,1610612745,HOU,78,48,30,2840.0,959340,181.7,101.1,80.6,3.69,3.9,3.45,201142.0,7,36.41025641025641
334,1628989,Kevin Huerter,1610612765,DET,69,40,29,1549.0,633711,120.0,65.7,54.3,4.54,5.04,4.06,1628989.0,27,22.44927536231884
335,201567,Kevin Love,1610612762,UTA,37,10,27,613.0,224599,42.5,23.3,19.2,4.05,4.29,3.79,201567.0,42,16.56756756756757
336,1641755,Kevin McCullar Jr.,1610612752,NYK,21,11,10,155.0,66549,12.6,6.7,5.9,4.53,4.88,4.19,1641755.0,9,7.380952380952381
337,1629645,Kevin Porter Jr.,1610612749,MIL,38,18,20,1261.0,521987,98.9,53.5,45.3,4.51,4.78,4.22,1629645.0,7,33.18421052631579
338,1626172,Kevon Looney,1610612740,NOP,21,3,18,308.0,114083,21.6,11.3,10.3,4.18,4.32,4.03,1626172.0,55,14.666666666666666
339,1641718,Keyonte George,1610612762,UTA,54,16,38,1786.0,673084,127.5,69.6,57.9,4.21,4.55,3.87,1641718.0,3,33.074074074074076
340,1642863,Khaman Maluach,1610612756,PHX,46,22,24,411.0,162064,30.7,16.5,14.2,4.23,4.35,4.11,1642863.0,10,8.934782608695652
341,203114,Khris Middleton,1610612742,DAL,63,18,45,1439.0,557189,105.5,56.3,49.2,4.28,4.65,3.92,203114.0,20,22.841269841269842
342,1630165,Killian Hayes,1610612758,SAC,23,10,13,406.0,160917,30.5,16.1,14.3,4.2,4.43,3.95,1630165.0,7,17.652173913043477
343,202691,Klay Thompson,1610612742,DAL,69,21,48,1497.0,590964,111.9,62.2,49.8,4.34,4.82,3.86,202691.0,31,21.695652173913043
344,1641738,Kobe Brown,1610612754,IND,61,17,44,962.0,383722,72.7,38.5,34.2,4.3,4.56,4.04,1641738.0,24,15.770491803278688
345,1641723,Kobe Bufkin,1610612747,LAL,16,10,6,119.0,48521,9.2,4.9,4.3,4.27,4.43,4.1,,,7.4375
346,1642920,Kobe Sanders,1610612746,LAC,68,36,32,1351.0,540700,102.4,55.0,47.4,4.33,4.54,4.1,1642920.0,4,19.86764705882353
347,1642886,Koby Brea,1610612756,PHX,12,5,7,84.0,34068,6.5,3.7,2.8,4.37,4.64,4.05,1642886.0,14,7.0
348,1642851,Kon Knueppel,1610612766,CHA,81,44,37,2551.0,1071784,203.0,114.5,88.4,4.63,5.04,4.19,1642851.0,7,31.493827160493826
349,1627739,Kris Dunn,1610612746,LAC,82,42,40,2230.0,894569,169.4,88.5,80.9,4.41,4.54,4.27,1627739.0,8,27.195121951219512
350,1631200,Kris Murray,1610612757,POR,57,28,29,1333.0,540060,102.3,51.3,51.0,4.49,4.59,4.39,1631200.0,24,23.385964912280702
351,204001,Kristaps Porziņģis,1610612744,GSW,32,13,19,769.0,276927,52.4,27.7,24.8,3.99,4.23,3.77,204001.0,7,24.03125
352,203937,Kyle Anderson,1610612750,MIN,43,15,28,853.0,330748,62.6,33.1,29.5,4.16,4.49,3.84,203937.0,12,19.837209302325583
353,1642271,Kyle Filipowski,1610612762,UTA,77,21,56,1801.0,707607,134.0,70.6,63.4,4.29,4.5,4.08,1642271.0,22,23.38961038961039
354,1628398,Kyle Kuzma,1610612749,MIL,69,31,38,1806.0,705807,133.7,71.5,62.1,4.37,4.73,4.02,1628398.0,18,26.17391304347826
355,200768,Kyle Lowry,1610612755,PHI,14,9,5,118.0,41705,7.9,4.3,3.6,3.86,4.18,3.53,200768.0,7,8.428571428571429
356,1642273,Kyshawn George,1610612764,WAS,48,10,38,1391.0,561224,106.3,56.7,49.6,4.55,5.03,4.11,1642273.0,18,28.979166666666668
357,1643018,LJ Cryer,1610612744,GSW,18,6,12,292.0,118316,22.4,12.1,10.3,4.25,4.44,4.06,1643018.0,18,16.22222222222222
358,1630163,LaMelo Ball,1610612766,CHA,72,41,31,2017.0,813663,154.1,87.7,66.4,4.41,4.81,3.97,1630163.0,1,28.01388888888889
359,1642950,Lachlan Olbrich,1610612741,CHI,37,9,28,344.0,152795,28.9,15.0,13.9,4.72,5.18,4.31,1642950.0,47,9.297297297297296
360,1629013,Landry Shamet,1610612752,NYK,51,35,16,1171.0,497779,94.3,52.6,41.7,4.63,5.02,4.22,1629013.0,44,22.96078431372549
361,1626204,Larry Nance Jr.,1610612739,CLE,35,25,10,449.0,175207,33.2,17.3,15.8,4.4,4.62,4.15,1626204.0,22,12.82857142857143
362,1628374,Lauri Markkanen,1610612762,UTA,42,17,25,1443.0,556280,105.4,57.3,48.0,4.35,4.65,4.02,1628374.0,23,34.357142857142854
363,1643133,Lawson Lovering,1610612763,MEM,2,1,1,49.0,20280,3.8,2.0,1.9,4.28,4.56,4.23,,,24.5
364,2544,LeBron James,1610612747,LAL,60,39,21,1989.0,670512,127.0,67.7,59.3,3.62,3.85,3.39,2544.0,23,33.15
365,1641778,Leaky Black,1610612764,WAS,15,1,14,433.0,176719,33.5,17.8,15.6,4.33,4.49,4.12,1641778.0,12,28.866666666666667
366,1631159,Leonard Miller,1610612741,CHI,46,18,28,719.0,320637,60.7,32.1,28.6,4.73,5.27,4.25,1631159.0,11,15.630434782608695
367,1642862,Liam McNeeley,1610612766,CHA,31,12,19,368.0,143529,27.2,14.6,12.6,4.44,4.63,4.24,1642862.0,33,11.870967741935484
368,1630322,Lindy Waters III,1610612759,SAS,40,31,9,285.0,118878,22.5,12.0,10.5,4.61,4.84,4.36,1630322.0,43,7.125
369,1628366,Lonzo Ball,1610612739,CLE,35,19,16,728.0,280879,53.2,28.4,24.8,4.39,4.86,3.96,,,20.8
370,1631351,Lucas Williamson,1610612763,MEM,7,0,7,224.0,91138,17.3,9.0,8.3,4.35,4.52,4.17,,,32.0
371,1629652,Luguentz Dort,1610612760,OKC,69,53,16,1849.0,697407,132.1,67.8,64.3,4.15,4.34,3.96,1629652.0,5,26.797101449275363
372,1629029,Luka Dončić,1610612747,LAL,64,43,21,2289.0,782934,148.3,82.0,66.3,3.75,4.12,3.37,1629029.0,77,35.765625
373,1630568,Luka Garza,1610612738,BOS,69,47,22,1118.0,471455,89.3,49.7,39.6,4.6,4.78,4.39,1630568.0,52,16.202898550724637
374,1628379,Luke Kennard,1610612747,LAL,78,45,33,1681.0,678939,128.6,69.8,58.8,4.41,4.77,4.05,1628379.0,10,21.55128205128205
375,1628436,Luke Kornet,1610612759,SAS,68,52,16,1430.0,557253,105.5,54.7,50.8,4.33,4.52,4.14,1628436.0,7,21.029411764705884
376,1631247,Luke Travers,1610612739,CLE,12,6,6,103.0,42399,8.0,4.3,3.8,4.81,5.18,4.55,,,8.583333333333334
377,1630644,Mac McClung,1610612741,CHI,11,2,9,135.0,55987,10.6,5.5,5.1,4.49,4.85,4.16,1630644.0,5,12.272727272727273
378,1641869,Malachi Smith,1610612751,BKN,15,3,12,359.0,151665,28.7,15.7,13.1,4.47,4.87,4.1,1641869.0,18,23.933333333333334
379,1631103,Malaki Branham,1610612764,WAS,28,7,21,275.0,113870,21.6,11.6,10.0,4.5,4.92,4.09,,,9.821428571428571
380,1642502,Malevy Leons,1610612744,GSW,25,7,18,276.0,120450,22.8,12.5,10.4,4.53,4.89,4.19,1642502.0,33,11.04
381,1628370,Malik Monk,1610612758,SAC,62,18,44,1364.0,512918,97.1,53.3,43.8,4.14,4.53,3.75,1628370.0,0,22.0
382,1630699,MarJon Beauchamp,1610612755,PHI,14,7,7,196.0,82889,15.7,8.0,7.7,4.49,4.82,4.2,1630699.0,16,14.0
383,1631204,Marcus Sasser,1610612765,DET,38,28,10,456.0,184905,35.0,18.4,16.6,4.26,4.48,4.04,1631204.0,25,12.0
384,203935,Marcus Smart,1610612747,LAL,62,41,21,1769.0,617946,117.0,61.1,55.9,3.81,3.99,3.63,203935.0,36,28.532258064516128
385,1641813,Mark Sears,1610612749,MIL,7,1,6,26.0,11178,2.1,1.1,1.0,4.76,5.05,4.47,,,3.7142857142857144
386,1631109,Mark Williams,1610612756,PHX,60,34,26,1416.0,543681,103.0,53.9,49.1,4.28,4.51,4.05,1631109.0,15,23.6
387,1628365,Markelle Fultz,1610612761,TOR,5,3,2,36.0,15624,3.0,1.6,1.4,4.61,4.93,4.3,,,7.2
388,1628963,Marvin Bagley III,1610612742,DAL,60,16,44,1201.0,491391,93.1,48.8,44.2,4.52,4.73,4.31,1628963.0,35,20.016666666666666
389,203486,Mason Plumlee,1610612759,SAS,20,10,10,171.0,68330,12.9,7.3,5.7,4.52,4.91,4.16,203486.0,45,8.55
390,1641824,Matas Buzelis,1610612741,CHI,77,28,49,2248.0,929167,176.0,93.9,82.1,4.58,5.02,4.16,1641824.0,14,29.194805194805195
391,1629680,Matisse Thybulle,1610612757,POR,30,17,13,480.0,195273,37.0,18.9,18.1,4.32,4.5,4.14,1629680.0,4,16.0
392,1631108,Max Christie,1610612742,DAL,77,24,53,2245.0,901355,170.7,94.3,76.4,4.44,4.88,4.0,1631108.0,00,29.155844155844157
393,1642917,Max Shulga,1610612738,BOS,11,8,3,36.0,15121,2.9,1.6,1.3,4.38,4.57,4.17,1642917.0,44,3.272727272727273
394,1629622,Max Strus,1610612739,CLE,12,9,3,288.0,126711,24.0,13.3,10.7,4.64,5.04,4.21,1629622.0,2,24.0
395,1628467,Maxi Kleber,1610612747,LAL,43,20,23,461.0,171614,32.5,17.3,15.2,4.0,4.12,3.88,1628467.0,14,10.720930232558139
396,1642875,Maxime Raynaud,1610612758,SAC,74,21,53,1964.0,802126,151.9,80.1,71.9,4.43,4.65,4.22,1642875.0,42,26.54054054054054
397,1642877,Micah Peavy,1610612740,NOP,61,17,44,913.0,378370,71.7,36.3,35.4,4.56,4.74,4.38,1642877.0,14,14.967213114754099
398,1630695,Micah Potter,1610612754,IND,47,11,36,908.0,382202,72.4,37.5,34.9,4.44,4.71,4.18,1630695.0,11,19.319148936170212
399,1629008,Michael Porter Jr.,1610612751,BKN,52,14,38,1689.0,633348,120.0,64.9,55.0,4.17,4.41,3.91,1629008.0,17,32.48076923076923
400,1628969,Mikal Bridges,1610612752,NYK,82,53,29,2692.0,1115497,211.3,116.3,94.9,4.57,4.92,4.2,1628969.0,25,32.829268292682926
401,201144,Mike Conley,1610612750,MIN,54,33,21,991.0,400324,75.8,41.0,34.8,4.49,4.82,4.16,201144.0,10,18.35185185185185
402,1628970,Miles Bridges,1610612766,CHA,77,42,35,2387.0,895543,169.6,92.8,76.8,4.16,4.42,3.88,1628970.0,0,31.0
403,1642939,Miles Kelly,1610612742,DAL,14,7,7,134.0,58988,11.2,6.0,5.2,4.72,5.01,4.42,,,9.571428571428571
404,1630540,Miles McBride,1610612752,NYK,41,25,16,1080.0,435783,82.5,44.4,38.2,4.52,4.75,4.29,1630540.0,2,26.341463414634145
405,1629011,Mitchell Robinson,1610612752,NYK,60,40,20,1175.0,445664,84.4,43.9,40.6,4.14,4.19,4.09,1629011.0,23,19.583333333333332
406,1628964,Mo Bamba,1610612762,UTA,4,3,1,44.0,16797,3.2,1.7,1.5,4.12,4.3,3.93,,,11.0
407,1642885,Mohamed Diawara,1610612752,NYK,69,42,27,634.0,264801,50.2,27.1,23.0,4.46,4.74,4.15,1642885.0,51,9.18840579710145
408,1628420,Monte Morris,1610612754,IND,6,0,6,65.0,25467,4.8,2.5,2.3,4.55,5.04,4.11,,,10.833333333333334
409,1629021,Moritz Wagner,1610612753,ORL,36,21,15,427.0,171560,32.5,17.1,15.4,4.28,4.46,4.09,1629021.0,21,11.86111111111111
410,1630541,Moses Moody,1610612744,GSW,60,30,30,1540.0,577618,109.4,59.7,49.7,4.16,4.37,3.93,1630541.0,4,25.666666666666668
411,1631338,Mouhamadou Gueye,1610612741,CHI,2,0,2,45.0,18982,3.6,1.8,1.8,4.48,4.68,4.3,1631338.0,16,22.5
412,1631243,Mouhamed Gueye,1610612737,ATL,77,44,33,1179.0,485830,92.0,47.0,45.1,4.54,4.78,4.33,1631243.0,18,15.311688311688311
413,1630619,Moussa Cisse,1610612742,DAL,38,11,27,530.0,210523,39.9,20.7,19.1,4.4,4.61,4.17,1630619.0,30,13.947368421052632
414,1631217,Moussa Diabaté,1610612766,CHA,73,40,33,1899.0,774536,146.7,78.6,68.1,4.45,4.67,4.23,1631217.0,14,26.013698630136986
415,1626167,Myles Turner,1610612749,MIL,71,30,41,1912.0,720803,136.5,72.5,64.0,4.22,4.44,3.99,1626167.0,3,26.929577464788732
416,1642066,Myron Gardner,1610612748,MIA,45,24,21,411.0,187970,35.6,18.3,17.3,4.92,5.28,4.58,1642066.0,15,9.133333333333333
417,1642368,N'Faly Dante,1610612737,ATL,4,3,1,15.0,5668,1.1,0.6,0.5,4.42,4.49,4.34,,,3.75
418,1641772,Nae'Qwan Tomlin,1610612739,CLE,64,42,22,1004.0,430509,81.5,41.6,39.9,4.69,4.94,4.45,1641772.0,35,15.6875
419,1630230,Naji Marshall,1610612742,DAL,74,25,49,2184.0,835149,158.2,84.3,73.9,4.2,4.46,3.93,1630230.0,13,29.513513513513512
420,1631466,Nate Williams,1610612744,GSW,14,2,12,239.0,100803,19.1,10.0,9.1,4.44,4.54,4.33,1631466.0,19,17.071428571428573
421,1629675,Naz Reid,1610612750,MIN,77,46,31,2007.0,778923,147.5,78.3,69.2,4.27,4.56,3.98,1629675.0,11,26.064935064935064
422,1629674,Neemias Queta,1610612738,BOS,76,52,24,1926.0,738013,139.8,75.5,64.2,4.24,4.4,4.07,1629674.0,88,25.342105263157894
423,1629651,Nic Claxton,1610612751,BKN,69,17,52,1920.0,722413,136.8,70.9,65.9,4.18,4.27,4.08,1629651.0,33,27.82608695652174
424,1630208,Nick Richards,1610612741,CHI,48,20,28,701.0,285968,54.2,28.5,25.6,4.49,4.86,4.13,1630208.0,13,14.604166666666666
425,1641733,Nick Smith Jr.,1610612747,LAL,30,15,15,375.0,152687,28.9,16.4,12.5,4.41,4.78,4.0,1641733.0,20,12.5
426,1629638,Nickeil Alexander-Walker,1610612737,ATL,78,43,35,2603.0,1113465,210.9,114.1,96.8,4.69,5.26,4.16,1629638.0,7,33.37179487179487
427,201587,Nicolas Batum,1610612746,LAC,74,39,35,1295.0,510685,96.7,51.5,45.2,4.3,4.44,4.16,201587.0,33,17.5
428,1628502,Nigel Hayes-Davis,1610612756,PHX,27,15,12,195.0,71867,13.6,7.2,6.4,4.23,4.51,3.95,,,7.222222222222222
429,203999,Nikola Jokić,1610612743,DEN,65,43,22,2265.0,768586,145.6,78.0,67.6,3.75,4.04,3.46,203999.0,15,34.84615384615385
430,1631107,Nikola Jović,1610612748,MIA,47,24,23,808.0,335352,63.5,33.4,30.1,4.59,5.2,4.07,1631107.0,5,17.19148936170213
431,1642260,Nikola Topić,1610612760,OKC,10,6,4,160.0,66252,12.5,6.9,5.6,4.4,5.17,3.72,1642260.0,44,16.0
432,202696,Nikola Vučević,1610612738,BOS,64,35,29,1818.0,647784,122.7,64.2,58.5,3.97,4.13,3.81,202696.0,4,28.40625
433,1642363,Nique Clifford,1610612758,SAC,75,21,54,1882.0,787070,149.1,78.4,70.7,4.52,4.77,4.28,1642363.0,5,25.093333333333334
434,1642855,Noa Essengue,1610612741,CHI,2,1,1,6.0,2419,0.5,0.3,0.2,5.32,5.26,5.43,1642855.0,24,3.0
435,1641730,Noah Clowney,1610612751,BKN,66,17,49,1780.0,686811,130.1,70.5,59.6,4.28,4.59,3.97,1641730.0,21,26.96969696969697
436,1642869,Noah Penda,1610612753,ORL,59,30,29,757.0,322873,61.2,32.6,28.6,4.52,4.75,4.28,1642869.0,93,12.830508474576272
437,1642849,Nolan Traore,1610612751,BKN,56,14,42,1243.0,543182,102.9,56.4,46.4,4.65,5.09,4.19,1642849.0,88,22.196428571428573
438,1641807,Norchad Omier,1610612746,LAC,6,5,1,24.0,9916,1.9,1.0,0.8,4.4,4.24,4.09,1641807.0,,4.0
439,1626181,Norman Powell,1610612748,MIA,58,29,29,1717.0,665602,126.1,67.8,58.2,4.29,4.92,3.73,1626181.0,24,29.603448275862068
440,1628384,OG Anunoby,1610612752,NYK,67,45,22,2224.0,850607,161.1,84.6,76.5,4.16,4.27,4.04,1628384.0,8,33.19402985074627
441,1630167,Obi Toppin,1610612754,IND,24,4,20,424.0,180334,34.2,18.2,15.9,4.62,4.95,4.26,1630167.0,1,17.666666666666668
442,1630534,Ochai Agbaji,1610612751,BKN,62,28,34,973.0,413565,78.3,39.4,38.9,4.64,4.9,4.41,1630534.0,30,15.693548387096774
443,1630846,Olivier Sarr,1610612739,CLE,4,3,1,39.0,16779,3.2,1.7,1.5,4.4,4.57,4.22,1630846.0,33,9.75
444,1641765,Olivier-Maxence Prosper,1610612763,MEM,53,16,37,984.0,424515,80.4,41.7,38.7,4.64,4.96,4.33,1641765.0,18,18.566037735849058
445,1630209,Omer Yurtseven,1610612744,GSW,9,3,6,104.0,42883,8.1,4.2,3.9,4.29,4.5,4.1,,,11.555555555555555
446,1630168,Onyeka Okongwu,1610612737,ATL,74,41,33,2297.0,871957,165.1,84.8,80.3,4.19,4.47,3.93,1630168.0,17,31.04054054054054
447,1631115,Orlando Robinson,1610612753,ORL,4,2,2,25.0,9530,1.8,0.9,0.9,4.45,4.51,4.39,,,6.25
448,1631131,Oscar Tshiebwe,1610612762,UTA,27,3,24,448.0,183497,34.8,18.0,16.8,4.35,4.57,4.14,1631131.0,34,16.59259259259259
449,1642345,Oso Ighodaro,1610612756,PHX,82,45,37,1808.0,701151,132.8,70.0,62.8,4.23,4.46,3.99,1642345.0,11,22.048780487804876
450,1631172,Ousmane Dieng,1610612749,MIL,57,33,24,1099.0,419357,79.4,43.0,36.4,4.16,4.43,3.87,1631172.0,21,19.280701754385966
451,1629023,P.J. Washington,1610612742,DAL,56,16,40,1736.0,671890,127.3,67.6,59.6,4.3,4.6,3.99,1629023.0,25,31.0
452,1641790,PJ Hall,1610612766,CHA,19,7,12,213.0,86774,16.4,8.9,7.6,4.37,4.51,4.27,1641790.0,16,11.210526315789474
453,1642359,Pacôme Dadiet,1610612752,NYK,29,18,11,136.0,58105,11.0,5.9,5.1,4.52,4.94,4.12,1642359.0,4,4.689655172413793
454,1631094,Paolo Banchero,1610612753,ORL,72,38,34,2502.0,954658,180.8,99.0,81.9,4.13,4.5,3.77,1631094.0,5,34.75
455,1627783,Pascal Siakam,1610612754,IND,62,17,45,2057.0,810175,153.4,84.0,69.4,4.37,4.85,3.91,1627783.0,43,33.17741935483871
456,1626192,Pat Connaughton,1610612766,CHA,42,25,17,297.0,112904,21.4,12.5,8.9,4.18,4.51,3.79,1626192.0,21,7.071428571428571
457,1630311,Pat Spencer,1610612744,GSW,66,30,36,1229.0,514039,97.4,54.5,42.8,4.54,4.87,4.17,1630311.0,61,18.62121212121212
458,1631116,Patrick Baldwin Jr.,1610612758,SAC,9,3,6,102.0,41848,7.9,4.1,3.8,4.32,4.61,4.04,1631116.0,23,11.333333333333334
459,1630172,Patrick Williams,1610612741,CHI,72,24,48,1474.0,576990,109.3,57.4,51.8,4.33,4.69,3.98,1630172.0,44,20.47222222222222
460,202331,Paul George,1610612755,PHI,37,22,15,1135.0,433628,82.1,43.6,38.5,4.18,4.41,3.93,202331.0,8,30.675675675675677
461,1630194,Paul Reed,1610612765,DET,65,47,18,901.0,366929,69.5,36.7,32.8,4.44,4.7,4.18,1630194.0,7,13.861538461538462
462,1630202,Payton Pritchard,1610612738,BOS,79,54,25,2556.0,976549,185.0,106.6,78.4,4.22,4.57,3.81,1630202.0,11,32.35443037974684
463,1642362,Payton Sandfort,1610612760,OKC,4,2,2,63.0,27701,5.2,2.8,2.5,4.66,5.38,4.2,1642362.0,14,15.75
464,1641796,Pelle Larsson,1610612748,MIA,70,38,32,1849.0,785822,148.8,78.3,70.6,4.69,5.3,4.17,1641796.0,9,26.414285714285715
465,1631250,Pete Nance,1610612749,MIL,47,14,33,737.0,292624,55.4,29.9,25.5,4.22,4.56,3.89,1631250.0,35,15.680851063829786
466,1631212,Peyton Watson,1610612743,DEN,54,36,18,1598.0,624048,118.2,62.4,55.8,4.32,4.47,4.16,1631212.0,8,29.59259259259259
467,1630173,Precious Achiuwa,1610612758,SAC,73,20,53,1745.0,670780,127.0,66.7,60.3,4.2,4.32,4.07,1630173.0,9,23.904109589041095
468,1629656,Quentin Grimes,1610612755,PHI,75,42,33,2206.0,849645,160.9,86.1,74.8,4.21,4.47,3.95,1629656.0,5,29.413333333333334
469,1631245,Quenton Jackson,1610612754,IND,49,10,39,897.0,391158,74.1,39.2,34.9,4.67,5.13,4.24,1631245.0,29,18.306122448979593
470,1642366,Quinten Post,1610612744,GSW,67,32,35,1159.0,465552,88.2,48.9,39.3,4.47,4.71,4.21,1642366.0,21,17.29850746268657
471,1629628,RJ Barrett,1610612761,TOR,57,34,23,1726.0,681414,129.1,66.8,62.2,4.33,4.66,4.02,1629628.0,9,30.280701754385966
472,1642853,Rasheer Fleming,1610612756,PHX,55,29,26,673.0,280623,53.1,27.7,25.5,4.46,4.59,4.34,1642853.0,20,12.236363636363636
473,1642484,RayJ Dennis,1610612737,ATL,17,3,14,206.0,88717,16.8,9.0,7.8,4.99,5.35,4.62,1642484.0,00,12.117647058823529
474,1641712,Rayan Rupert,1610612763,MEM,64,29,35,1073.0,471636,89.3,45.9,43.4,4.72,4.88,4.56,1641712.0,21,16.765625
475,1642263,Reed Sheppard,1610612745,HOU,82,52,30,2147.0,826492,156.5,88.8,67.8,4.21,4.49,3.9,1642263.0,15,26.182926829268293
476,1642434,Riley Minix,1610612739,CLE,9,7,2,58.0,25692,4.9,2.7,2.2,4.61,5.03,4.19,1642434.0,12,6.444444444444445
477,1642265,Rob Dillingham,1610612741,CHI,65,29,36,970.0,420653,79.7,42.8,36.8,4.72,5.29,4.19,1642265.0,7,14.923076923076923
478,1629057,Robert Williams III,1610612757,POR,59,30,29,1008.0,382817,72.5,38.4,34.2,4.14,4.39,3.9,1629057.0,35,17.084745762711865
479,1642911,Rocco Zikarsky,1610612750,MIN,5,1,4,36.0,14472,2.7,1.4,1.3,4.05,4.34,3.79,1642911.0,44,7.2
480,1631199,Ron Harper Jr.,1610612738,BOS,29,22,7,318.0,124749,23.6,13.0,10.7,4.18,4.33,4.04,1631199.0,13,10.96551724137931
481,1641842,Ronald Holland II,1610612765,DET,78,56,22,1551.0,616516,116.8,59.3,57.4,4.37,4.43,4.3,1641842.0,5,19.884615384615383
482,1626220,Royce O'Neale,1610612756,PHX,78,43,35,2213.0,833186,157.8,86.7,71.1,4.16,4.57,3.76,1626220.0,00,28.371794871794872
483,203497,Rudy Gobert,1610612750,MIN,76,46,30,2380.0,914249,173.2,90.8,82.3,4.28,4.48,4.07,203497.0,27,31.31578947368421
484,1629060,Rui Hachimura,1610612747,LAL,68,47,21,1927.0,731439,138.5,73.6,64.9,4.2,4.39,4.01,1629060.0,28,28.33823529411765
485,201566,Russell Westbrook,1610612758,SAC,64,16,48,1853.0,654633,124.0,67.3,56.7,3.94,4.23,3.65,201566.0,18,28.953125
486,1642346,Ryan Dunn,1610612756,PHX,70,40,30,1355.0,548591,103.9,53.4,50.5,4.48,4.63,4.33,1642346.0,0,19.357142857142858
487,1641750,Ryan Kalkbrenner,1610612766,CHA,69,39,30,1479.0,575480,109.0,59.6,49.4,4.34,4.48,4.17,1641750.0,11,21.434782608695652
488,1642948,Ryan Nembhard,1610612742,DAL,60,20,40,1171.0,463170,87.7,48.5,39.3,4.34,4.68,3.99,1642948.0,9,19.516666666666666
489,1631157,Ryan Rollins,1610612749,MIL,74,29,45,2375.0,939060,177.9,93.1,84.8,4.39,4.58,4.2,1631157.0,13,32.0945945945946
490,1630180,Saddiq Bey,1610612740,NOP,72,24,48,2246.0,850815,161.1,83.5,77.6,4.16,4.34,3.99,1630180.0,41,31.194444444444443
491,1630573,Sam Hauser,1610612738,BOS,78,54,24,1934.0,811695,153.7,87.6,66.1,4.61,4.98,4.2,1630573.0,30,24.794871794871796
492,1630241,Sam Merrill,1610612739,CLE,52,37,15,1377.0,575646,109.0,57.7,51.4,4.53,4.85,4.23,1630241.0,5,26.48076923076923
493,1630572,Sandro Mamukelashvili,1610612761,TOR,80,44,36,1751.0,714278,135.3,70.6,64.7,4.46,4.76,4.17,1630572.0,54,21.8875
494,1630583,Santi Aldama,1610612763,MEM,43,19,24,1198.0,481351,91.2,49.0,42.2,4.54,5.01,4.1,1630583.0,7,27.86046511627907
495,1630703,Scoot Henderson,1610612757,POR,30,18,12,748.0,316077,59.9,31.1,28.8,4.48,4.67,4.29,1630703.0,00,24.933333333333334
496,1630567,Scottie Barnes,1610612761,TOR,80,45,35,2681.0,1050078,198.9,101.6,97.2,4.3,4.58,4.04,1630567.0,4,33.5125
497,1630590,Scotty Pippen Jr.,1610612763,MEM,10,2,8,212.0,89163,16.9,8.6,8.3,4.51,4.66,4.36,1630590.0,1,21.2
498,1642951,Sean Pedulla,1610612746,LAC,7,4,3,31.0,12788,2.4,1.3,1.2,4.29,4.86,4.1,1642951.0,,4.428571428571429
499,203552,Seth Curry,1610612744,GSW,10,1,9,133.0,51730,9.8,5.4,4.4,4.17,4.37,3.94,203552.0,31,13.3
500,1631101,Shaedon Sharpe,1610612757,POR,50,24,26,1471.0,570040,108.0,58.3,49.6,4.29,4.73,3.86,1631101.0,17,29.42
501,1628983,Shai Gilgeous-Alexander,1610612760,OKC,68,56,12,2259.0,825959,156.4,84.1,72.3,4.05,4.49,3.63,1628983.0,2,33.220588235294116
502,1630536,Sharife Cooper,1610612764,WAS,41,6,35,700.0,290760,55.1,29.5,25.5,4.42,4.68,4.13,1630536.0,13,17.073170731707318
503,1631321,Sidy Cissoko,1610612757,POR,75,39,36,1435.0,555782,105.3,55.1,50.2,4.22,4.42,4.02,1631321.0,91,19.133333333333333
504,1631323,Simone Fontecchio,1610612748,MIA,70,36,34,1173.0,500423,94.8,51.4,43.4,4.75,5.51,4.09,1631323.0,0,16.757142857142856
505,1642883,Sion James,1610612766,CHA,82,44,38,1843.0,735252,139.3,76.4,62.8,4.39,4.65,4.1,1642883.0,4,22.475609756097562
506,1627746,Skal Labissiere,1610612764,WAS,3,2,1,38.0,14495,2.7,1.5,1.3,4.02,4.37,3.97,,,12.666666666666666
507,1642461,Spencer Jones,1610612743,DEN,64,41,23,1417.0,559052,105.9,53.9,51.9,4.31,4.35,4.26,1642461.0,21,22.140625
508,1630649,Stanley Umude,1610612759,SAS,2,2,0,7.0,2543,0.5,0.3,0.2,3.99,4.07,3.89,,,3.5
509,201939,Stephen Curry,1610612744,GSW,43,24,19,1329.0,511848,96.9,55.0,41.9,4.3,4.82,3.76,201939.0,30,30.906976744186046
510,1642264,Stephon Castle,1610612759,SAS,68,51,17,2038.0,784255,148.5,76.9,71.6,4.28,4.63,3.97,1642264.0,5,29.970588235294116
511,203500,Steven Adams,1610612745,HOU,32,21,11,730.0,259502,49.1,26.4,22.8,4.03,4.05,4.03,203500.0,12,22.8125
512,1629004,Svi Mykhailiuk,1610612762,UTA,50,14,36,1156.0,457499,86.6,46.2,40.4,4.49,4.71,4.26,1629004.0,10,23.12
513,204456,T.J. McConnell,1610612754,IND,56,15,41,963.0,414862,78.6,42.7,35.9,4.74,5.1,4.37,204456.0,9,17.196428571428573
514,1643007,Taelon Peter,1610612754,IND,38,6,32,492.0,215858,40.9,21.8,19.1,4.75,5.19,4.32,1643007.0,4,12.947368421052632
515,201959,Taj Gibson,1610612763,MEM,10,1,9,97.0,37269,7.1,3.5,3.5,4.14,4.17,4.0,201959.0,67,9.7
516,1631106,Tari Eason,1610612745,HOU,60,38,22,1549.0,588752,111.5,58.8,52.7,4.12,4.14,4.1,1631106.0,17,25.816666666666666
517,1627752,Taurean Prince,1610612749,MIL,26,10,16,611.0,225625,42.7,22.5,20.2,4.05,4.24,3.85,1627752.0,12,23.5
518,1641707,Taylor Hendricks,1610612763,MEM,59,12,47,1118.0,452388,85.7,43.6,42.1,4.37,4.51,4.24,1641707.0,22,18.949152542372882
519,1629611,Terance Mann,1610612751,BKN,63,15,48,1529.0,607720,115.1,60.4,54.7,4.4,4.55,4.26,1629611.0,14,24.26984126984127
520,1630545,Terrence Shannon Jr.,1610612750,MIN,43,24,19,538.0,212557,40.3,21.0,19.2,4.34,4.57,4.09,1630545.0,1,12.511627906976743
521,203648,Thanasis Antetokounmpo,1610612749,MIL,34,9,25,148.0,58579,11.1,5.8,5.3,4.15,4.32,3.99,203648.0,43,4.352941176470588
522,1628418,Thomas Bryant,1610612739,CLE,60,37,23,732.0,282032,53.4,27.4,26.0,4.16,4.35,3.98,1628418.0,3,12.2
523,1642275,Tidjane Salaün,1610612766,CHA,37,19,18,575.0,239570,45.4,25.1,20.2,4.52,4.77,4.22,1642275.0,31,15.54054054054054
524,203501,Tim Hardaway Jr.,1610612743,DEN,80,52,28,2127.0,768612,145.6,76.5,69.1,3.93,4.08,3.77,203501.0,10,26.5875
525,202699,Tobias Harris,1610612765,DET,63,46,17,1746.0,666718,126.3,67.1,59.1,4.21,4.5,3.93,202699.0,12,27.714285714285715
526,1643253,Toby Okani,1610612763,MEM,6,0,6,217.0,90166,17.1,8.7,8.4,4.45,4.54,4.35,,,36.166666666666664
527,1642449,Tolu Smith,1610612765,DET,15,11,4,137.0,56978,10.8,5.9,4.9,4.39,4.54,4.23,1642449.0,35,9.133333333333333
528,1628396,Tony Bradley,1610612737,ATL,41,10,31,451.0,176673,33.5,17.0,16.5,4.43,4.53,4.33,1628396.0,13,11.0
529,1641787,Tosan Evbuomwan,1610612766,CHA,5,4,1,8.0,3035,0.6,0.3,0.2,4.67,4.11,3.6,1641787.0,20,1.6
530,1641739,Toumani Camara,1610612757,POR,82,42,40,2731.0,1145852,217.0,110.1,106.9,4.61,4.76,4.48,1641739.0,33,33.30487804878049
531,1629027,Trae Young,1610612764,WAS,15,2,13,384.0,149147,28.2,15.4,12.9,4.26,4.87,3.74,1629027.0,3,25.6
532,1631218,Trayce Jackson-Davis,1610612761,TOR,53,29,24,496.0,198141,37.5,20.4,17.2,4.42,4.53,4.31,1631218.0,32,9.358490566037736
533,1642848,Tre Johnson,1610612764,WAS,60,12,48,1443.0,570670,108.1,58.4,49.7,4.4,4.81,3.99,1642848.0,12,24.05
534,1630200,Tre Jones,1610612741,CHI,65,27,38,1752.0,722525,136.8,73.3,63.5,4.5,5.02,4.03,1630200.0,30,26.953846153846154
535,1630544,Tre Mann,1610612766,CHA,53,30,23,668.0,261160,49.5,28.1,21.4,4.4,4.67,4.09,1630544.0,23,12.60377358490566
536,1630570,Trendon Watford,1610612755,PHI,53,27,26,864.0,338379,64.1,35.0,29.0,4.26,4.6,3.91,1630570.0,12,16.30188679245283
537,1642280,Trentyn Flowers,1610612741,CHI,2,0,2,6.0,2111,0.4,0.2,0.2,4.33,4.44,4.23,,,3.0
538,1630286,Trevon Scott,1610612751,BKN,6,2,4,182.0,75603,14.3,7.9,6.4,4.42,4.62,4.19,,,30.333333333333332
539,1631211,Trevor Keels,1610612748,MIA,8,6,2,15.0,6773,1.3,0.7,0.6,4.69,5.18,4.22,1631211.0,3,1.875
540,1641725,Trey Alexander,1610612740,NOP,9,2,7,111.0,45009,8.5,4.4,4.1,4.41,4.68,4.15,1641725.0,23,12.333333333333334
541,1641998,Trey Jemison III,1610612752,NYK,13,10,3,82.0,32877,6.2,3.2,3.0,4.3,4.46,4.15,1641998.0,50,6.3076923076923075
542,1630530,Trey Murphy III,1610612740,NOP,66,21,45,2341.0,894116,169.3,91.5,77.8,4.22,4.58,3.87,1630530.0,25,35.46969696969697
543,1642400,Tristan Enaruna,1610612739,CLE,9,8,1,85.0,36609,6.9,3.8,3.2,4.53,4.83,4.34,1642400.0,21,9.444444444444445
544,1641774,Tristan Vukcevic,1610612764,WAS,49,8,41,671.0,253165,47.9,25.3,22.6,4.18,4.46,3.9,1641774.0,00,13.693877551020408
545,1641783,Tristan da Silva,1610612753,ORL,77,43,34,1899.0,795038,150.6,80.4,70.2,4.59,4.91,4.27,1641783.0,23,24.662337662337663
546,1641803,Tristen Newton,1610612745,HOU,1,1,0,12.0,5256,1.0,0.6,0.4,4.67,5.23,4.02,1641803.0,13,12.0
547,1629660,Ty Jerome,1610612763,MEM,15,3,12,339.0,129502,24.5,13.1,11.4,4.09,4.58,3.64,1629660.0,2,22.6
548,1631102,TyTy Washington Jr.,1610612746,LAC,16,8,8,88.0,34247,6.5,3.4,3.1,4.08,4.4,3.79,1631102.0,14,5.5
549,1631174,Tyler Burton,1610612763,MEM,12,2,10,307.0,138449,26.2,13.4,12.8,4.79,5.02,4.56,,,25.583333333333332
550,1629639,Tyler Herro,1610612748,MIA,33,14,19,1033.0,428026,81.1,43.2,37.8,4.5,5.1,3.97,1629639.0,14,31.303030303030305
551,1642278,Tyler Kolek,1610612752,NYK,62,39,23,727.0,307587,58.3,32.0,26.2,4.6,4.94,4.22,1642278.0,13,11.725806451612904
552,1641890,Tyler Smith,1610612742,DAL,12,2,10,166.0,72298,13.7,7.2,6.5,4.61,4.91,4.33,1641890.0,21,13.833333333333334
553,1631213,Tyrese Martin,1610612755,PHI,46,12,34,777.0,314243,59.5,32.2,27.3,4.6,4.92,4.28,1631213.0,23,16.891304347826086
554,1630178,Tyrese Maxey,1610612755,PHI,70,38,32,2661.0,1029252,194.9,108.9,86.0,4.26,4.69,3.81,1630178.0,0,38.01428571428571
555,1642878,Tyrese Proctor,1610612739,CLE,50,33,17,545.0,224060,42.4,22.3,20.1,4.54,4.9,4.19,1642878.0,24,10.9
556,1630623,Tyson Etienne,1610612751,BKN,24,5,19,380.0,168464,31.9,16.7,15.2,4.72,4.96,4.48,1630623.0,10,15.833333333333334
557,1626145,Tyus Jones,1610612743,DEN,67,37,30,979.0,382866,72.5,39.6,32.9,4.36,4.61,4.09,1626145.0,5,14.611940298507463
558,1642845,VJ Edgecombe,1610612755,PHI,75,43,32,2623.0,1018324,192.9,104.8,88.0,4.25,4.57,3.93,1642845.0,77,34.973333333333336
559,1641705,Victor Wembanyama,1610612759,SAS,64,50,14,1866.0,717173,135.8,70.5,65.4,4.19,4.58,3.85,1641705.0,1,29.15625
560,1631246,Vince Williams Jr.,1610612762,UTA,40,16,24,819.0,329574,62.4,33.1,29.3,4.56,4.93,4.21,,,20.475
561,1642884,Vladislav Goldin,1610612748,MIA,9,5,4,24.0,10995,2.1,1.1,1.0,4.72,5.01,4.44,1642884.0,50,2.6666666666666665
562,1630249,Vít Krejčí,1610612757,POR,65,32,33,1392.0,561231,106.3,57.0,49.3,4.44,4.84,4.05,1630249.0,27,21.415384615384614
563,1631117,Walker Kessler,1610612762,UTA,5,2,3,154.0,55102,10.4,5.4,5.1,4.17,4.31,4.12,1631117.0,24,30.8
564,1642383,Walter Clayton Jr.,1610612763,MEM,69,17,52,1411.0,577578,109.4,58.1,51.3,4.43,4.77,4.1,1642383.0,4,20.44927536231884
565,1628976,Wendell Carter Jr.,1610612753,ORL,78,43,35,2288.0,844154,159.9,84.2,75.6,4.06,4.28,3.83,1628976.0,34,29.333333333333332
566,1631111,Wendell Moore Jr.,1610612765,DET,6,5,1,60.0,24222,4.6,2.4,2.2,4.69,4.92,4.47,1631111.0,14,10.0
567,1642954,Will Richard,1610612744,GSW,69,34,35,1377.0,530656,100.5,53.6,46.9,4.21,4.3,4.11,1642954.0,3,19.956521739130434
568,1642860,Will Riley,1610612764,WAS,74,16,58,1632.0,680986,129.0,69.9,59.1,4.51,4.86,4.16,1642860.0,27,22.054054054054053
569,1630214,Xavier Tillman,1610612766,CHA,30,21,9,184.0,68287,12.9,7.0,5.9,4.09,4.2,3.96,1630214.0,26,6.133333333333334
570,1642905,Yang Hansen,1610612757,POR,43,24,19,300.0,110781,21.0,10.8,10.1,4.04,4.1,3.93,1642905.0,16,6.976744186046512
571,1642949,Yanic Konan Niederhäuser,1610612746,LAC,41,22,19,424.0,172686,32.7,17.2,15.5,4.34,4.51,4.15,1642949.0,14,10.341463414634147
572,1642530,Yuki Kawamura,1610612741,CHI,18,6,12,209.0,91197,17.3,8.9,8.3,4.61,4.95,4.24,1642530.0,8,11.61111111111111
573,1642274,Yves Missi,1610612740,NOP,66,19,47,1297.0,498172,94.4,48.8,45.6,4.21,4.38,4.04,1642274.0,21,19.651515151515152
574,1642258,Zaccharie Risacher,1610612737,ATL,67,39,28,1503.0,631215,119.5,61.4,58.1,4.68,4.96,4.42,1642258.0,10,22.432835820895523
575,1628380,Zach Collins,1610612741,CHI,10,6,4,184.0,73144,13.9,7.3,6.6,4.44,4.9,4.02,1628380.0,12,18.4
576,1641744,Zach Edey,1610612763,MEM,11,7,4,284.0,98934,18.7,9.8,8.9,4.16,4.4,3.92,1641744.0,14,25.818181818181817
577,203897,Zach LaVine,1610612758,SAC,39,9,30,1224.0,469773,89.0,48.8,40.2,4.39,4.76,4.01,203897.0,8,31.384615384615383
578,1630192,Zeke Nnaji,1610612743,DEN,52,38,14,626.0,244363,46.3,24.7,21.6,4.21,4.32,4.08,1630192.0,22,12.038461538461538
579,1630533,Ziaire Williams,1610612751,BKN,56,13,43,1281.0,507063,96.0,49.2,46.8,4.35,4.44,4.26,1630533.0,1,22.875
580,1629627,Zion Williamson,1610612740,NOP,62,22,40,1841.0,739567,140.1,74.6,65.5,4.33,4.7,3.97,1629627.0,1,29.693548387096776
581,1642389,Zyon Pullin,1610612750,MIN,5,4,1,43.0,18717,3.5,1.9,1.7,4.44,4.68,4.43,1642389.0,15,8.6
