,PLAYER_ID,PLAYER_NAME,TEAM_ID,TEAM_ABBREVIATION,GP,W,L,MIN,DIST_FEET,DIST_MILES,DIST_MILES_OFF,DIST_MILES_DEF,AVG_SPEED,AVG_SPEED_OFF,AVG_SPEED_DEF,DIST_MARATHONS,MILES_PER_GAME,MILES_PER_36
175,1627780,Gary Payton II,1610612744,GSW,56,33,23,830.0,377284,71.5,36.3,35.2,4.81,5.09,4.55,2.7270300164003203,1.2767857142857142,3.1012048192771084
23,1641748,Andre Jackson Jr.,1610612749,MIL,60,34,26,915.0,414336,78.5,41.1,37.4,4.85,5.02,4.68,2.9940119760479043,1.3083333333333333,3.0885245901639347
496,204456,T.J. McConnell,1610612754,IND,69,42,27,1252.0,566513,107.3,56.8,50.4,4.79,5.12,4.45,4.092452038597963,1.555072463768116,3.0853035143769967
219,1631222,Jake LaRavia,1610612758,SAC,66,40,26,1349.0,606059,114.8,60.3,54.5,4.71,4.96,4.46,4.378504138220374,1.7393939393939393,3.0636026686434397
277,1630548,Johnny Juzang,1610612762,UTA,56,14,42,1044.0,468778,88.8,48.1,40.6,4.75,4.96,4.51,3.386856859529349,1.5857142857142856,3.0620689655172413
40,1641767,Ben Sheppard,1610612754,IND,58,37,21,1140.0,510184,96.6,49.1,47.5,4.72,4.84,4.6,3.6843510431366564,1.6655172413793102,3.0505263157894733
109,1631207,Dalen Terry,1610612741,CHI,65,28,37,845.0,378097,71.6,37.6,34.0,4.74,5.18,4.33,2.7308440443952855,1.1015384615384614,3.0504142011834317
274,1629723,John Konchar,1610612763,MEM,41,24,17,511.0,227434,43.1,22.5,20.6,4.68,4.93,4.44,1.6438460658301233,1.051219512195122,3.036399217221135
552,1642258,Zaccharie Risacher,1610612737,ATL,65,32,33,1603.0,712192,134.9,69.9,65.0,4.78,5.17,4.43,5.145123765208437,2.0753846153846154,3.029569557080474
204,1642266,Ja'Kobe Walter,1610612761,TOR,46,16,30,933.0,414103,78.4,40.8,37.6,4.67,5.01,4.36,2.9901979480529386,1.7043478260869567,3.02508038585209
388,1629622,Max Strus,1610612739,CLE,44,34,10,1105.0,490226,92.8,49.9,43.0,4.69,5.29,4.16,3.539417979327968,2.109090909090909,3.0233484162895925
481,1630590,Scotty Pippen Jr.,1610612763,MEM,71,43,28,1481.0,653882,123.8,64.3,59.5,4.72,5.08,4.38,4.721766657767268,1.7436619718309858,3.0093180283592167
424,1630167,Obi Toppin,1610612754,IND,69,41,28,1347.0,591918,112.1,59.0,53.1,4.63,4.99,4.3,4.275525382356306,1.6246376811594203,2.995991091314031
426,1641765,Olivier-Maxence Prosper,1610612742,DAL,52,27,25,584.0,256597,48.6,25.6,23.0,4.65,4.84,4.46,1.8536176055532247,0.9346153846153846,2.9958904109589044
66,1627741,Buddy Hield,1610612744,GSW,70,40,30,1611.0,706878,133.9,73.2,60.7,4.66,5.06,4.25,5.106983485258782,1.912857142857143,2.992178770949721
263,1630526,Jeremiah Robinson-Earl,1610612740,NOP,56,16,40,1003.0,439786,83.3,44.6,38.7,4.64,4.94,4.33,3.177085319806247,1.4875,2.989830508474576
6,1630598,Aaron Wiggins,1610612760,OKC,69,57,12,1565.0,685732,129.9,69.1,60.8,4.65,5.06,4.26,4.954422365460163,1.882608695652174,2.988115015974441
299,1641763,Julian Phillips,1610612741,CHI,70,31,39,980.0,429161,81.3,41.5,39.8,4.63,4.99,4.31,3.1008047599069375,1.1614285714285715,2.9865306122448976
184,1630611,Gui Santos,1610612744,GSW,45,28,17,597.0,261376,49.5,26.7,22.8,4.63,4.93,4.32,1.887943857507914,1.1,2.9849246231155777
10,1642349,Ajay Mitchell,1610612760,OKC,34,29,5,561.0,244283,46.3,24.5,21.8,4.61,4.95,4.27,1.7658949616690185,1.3617647058823528,2.971122994652406
92,1642262,Cody Williams,1610612762,UTA,49,9,40,1036.0,450843,85.4,45.0,40.4,4.59,4.68,4.5,3.2571799077005226,1.7428571428571429,2.967567567567568
218,1631170,Jaime Jaquez Jr.,1610612748,MIA,59,27,32,1261.0,546966,103.6,56.1,47.5,4.6,5.0,4.2,3.95133300278424,1.7559322033898304,2.957652656621729
99,1630557,Corey Kispert,1610612764,WAS,60,13,47,1574.0,682668,129.3,71.7,57.6,4.59,5.1,4.08,4.93153819749037,2.1550000000000002,2.9573062261753496
180,1641711,Gradey Dick,1610612761,TOR,54,15,39,1587.0,687723,130.3,67.3,63.0,4.59,4.89,4.3,4.9696784774400244,2.412962962962963,2.955765595463138
357,1630322,Lindy Waters III,1610612765,DET,47,26,21,690.0,299087,56.6,30.3,26.4,4.62,5.0,4.26,2.1587398451504636,1.2042553191489362,2.9530434782608697
425,1630534,Ochai Agbaji,1610612761,TOR,59,17,42,1589.0,687305,130.2,65.5,64.7,4.57,4.8,4.36,4.965864449445058,2.206779661016949,2.949779735682819
347,1642273,Kyshawn George,1610612764,WAS,63,13,50,1684.0,726823,137.7,73.9,63.8,4.58,5.0,4.17,5.251916549067469,2.1857142857142855,2.943705463182898
292,1630182,Josh Green,1610612766,CHA,64,15,49,1806.0,778982,147.5,73.7,73.9,4.59,4.57,4.62,5.625691292574087,2.3046875,2.9401993355481726
478,1630583,Santi Aldama,1610612763,MEM,57,35,22,1433.0,617957,117.0,62.9,54.1,4.64,5.09,4.2,4.462412754109615,2.0526315789473686,2.939288206559665
536,1631213,Tyrese Martin,1610612751,BKN,53,14,39,1154.0,497323,94.2,51.5,42.7,4.54,4.81,4.24,3.592814371257485,1.7773584905660378,2.9386481802426343
514,1641739,Toumani Camara,1610612757,POR,71,29,42,2332.0,1002728,189.9,95.4,94.5,4.58,4.66,4.5,7.242839162439452,2.674647887323944,2.9315608919382505
448,1641796,Pelle Larsson,1610612748,MIA,49,20,29,603.0,259009,49.1,25.3,23.8,4.52,4.83,4.22,1.8726877455280522,1.0020408163265306,2.9313432835820894
466,1642265,Rob Dillingham,1610612750,MIN,44,25,19,504.0,216325,41.0,22.1,18.8,4.52,4.93,4.09,1.563751477935848,0.9318181818181818,2.928571428571429
461,1642263,Reed Sheppard,1610612745,HOU,45,26,19,536.0,230296,43.6,23.3,20.3,4.55,4.86,4.24,1.6629162058049507,0.9688888888888889,2.928358208955224
487,1631323,Simone Fontecchio,1610612765,DET,65,35,30,1108.0,475267,90.0,48.7,41.3,4.54,4.91,4.18,3.4326251954689346,1.3846153846153846,2.924187725631769
474,1631157,Ryan Rollins,1610612749,MIL,47,23,24,596.0,255445,48.4,25.0,23.4,4.55,4.68,4.43,1.8459895495632936,1.0297872340425531,2.923489932885906
416,1629638,Nickeil Alexander-Walker,1610612750,MIN,73,41,32,1831.0,782962,148.3,78.1,70.2,4.52,4.82,4.22,5.656203516533812,2.0315068493150688,2.915783724740579
339,1631200,Kris Murray,1610612757,POR,61,27,34,861.0,367834,69.7,34.7,35.0,4.48,4.58,4.39,2.6583775124909415,1.1426229508196721,2.9142857142857146
250,1630643,Jay Huff,1610612763,MEM,58,34,24,698.0,298552,56.5,30.2,26.4,4.51,4.92,4.12,2.154925817155498,0.9741379310344828,2.9140401146131807
415,1641733,Nick Smith Jr.,1610612766,CHA,52,12,40,1166.0,497751,94.3,52.5,41.8,4.54,4.97,4.09,3.59662839925245,1.8134615384615385,2.911492281303602
187,1629312,Haywood Highsmith,1610612748,MIA,64,30,34,1572.0,671155,127.1,66.9,60.2,4.54,4.72,4.34,4.847629581601129,1.9859375,2.9106870229007633
53,1641764,Brandin Podziemski,1610612744,GSW,54,31,23,1400.0,597391,113.1,61.7,51.4,4.5,4.86,4.14,4.313665662305961,2.0944444444444446,2.908285714285714
284,1641722,Jordan Hawkins,1610612740,NOP,54,18,36,1265.0,539318,102.1,53.8,48.3,4.5,4.77,4.24,3.8941225828597577,1.8907407407407406,2.905612648221344
240,1642419,Jamison Battle,1610612761,TOR,49,17,32,759.0,322964,61.2,31.8,29.3,4.49,4.73,4.25,2.3341851329188756,1.2489795918367348,2.9027667984189724
324,1630556,Kessler Edwards,1610612742,DAL,40,17,23,608.0,258614,49.0,26.4,22.6,4.53,4.86,4.19,1.8688737175330865,1.225,2.901315789473684
473,1642346,Ryan Dunn,1610612756,PHX,65,31,34,1172.0,498638,94.4,48.8,45.6,4.54,4.58,4.51,3.6004424272474163,1.4523076923076923,2.8996587030716725
508,1642275,Tidjane Salaün,1610612766,CHA,49,10,39,946.0,401611,76.1,41.7,34.4,4.48,4.76,4.19,2.9024753041687323,1.5530612244897959,2.895983086680761
69,1631216,Caleb Houstan,1610612753,ORL,49,22,27,596.0,252891,47.9,26.4,21.5,4.46,4.81,4.1,1.8269194095884662,0.9775510204081632,2.8932885906040267
24,1629614,Andrew Nembhard,1610612754,IND,56,37,19,1626.0,689549,130.6,66.0,64.6,4.49,4.7,4.31,4.9811205614249205,2.332142857142857,2.891512915129151
55,1629634,Brandon Clarke,1610612763,MEM,64,40,24,1207.0,511393,96.9,50.4,46.5,4.53,4.92,4.17,3.695793127121553,1.5140625,2.8901408450704227
517,1630200,Tre Jones,1610612741,CHI,45,20,25,872.0,369504,70.0,37.0,33.0,4.5,4.89,4.13,2.669819596475838,1.5555555555555556,2.889908256880734
302,1630551,Justin Champagnie,1610612764,WAS,52,13,39,1049.0,444448,84.2,44.1,40.1,4.48,4.71,4.24,3.211411571760937,1.6192307692307693,2.8896091515729263
363,1628379,Luke Kennard,1610612763,MEM,58,34,24,1325.0,561402,106.3,57.6,48.8,4.55,4.98,4.15,4.054311758648308,1.8327586206896551,2.888150943396226
70,1628997,Caleb Martin,1610612742,DAL,37,14,23,1056.0,447426,84.7,45.8,38.9,4.46,4.75,4.15,3.2304817117357643,2.289189189189189,2.8875
255,1642377,Jaylen Wells,1610612763,MEM,73,44,29,1889.0,799390,151.4,73.6,77.8,4.55,4.54,4.55,5.774438384377741,2.073972602739726,2.885336156696665
5,1630174,Aaron Nesmith,1610612754,IND,36,22,14,881.0,372716,70.6,35.6,35.0,4.47,4.79,4.19,2.6927037644456306,1.961111111111111,2.8849035187287173
384,1641824,Matas Buzelis,1610612741,CHI,70,32,38,1217.0,514737,97.5,50.8,46.6,4.5,4.88,4.14,3.7186772950913456,1.3928571428571428,2.884141331142153
91,1628998,Cody Martin,1610612756,PHX,45,15,30,1061.0,448585,85.0,45.9,39.0,4.45,4.74,4.15,3.2419237957206604,1.8888888888888888,2.884071630537229
280,1630228,Jonathan Kuminga,1610612744,GSW,39,22,17,996.0,420994,79.7,43.0,36.8,4.49,4.92,4.08,3.03978031198749,2.043589743589744,2.8807228915662653
158,203939,Dwight Powell,1610612742,DAL,49,23,26,503.0,212133,40.2,20.8,19.4,4.47,4.69,4.25,1.5332392539761242,0.8204081632653062,2.87713717693837
159,1630700,Dyson Daniels,1610612737,ATL,67,32,35,2272.0,958223,181.5,94.9,86.6,4.49,4.93,4.09,6.9224608108623515,2.708955223880597,2.875880281690141
13,1627936,Alex Caruso,1610612760,OKC,47,39,8,904.0,380466,72.1,37.6,34.4,4.42,4.75,4.09,2.749914184370113,1.5340425531914892,2.8712389380530974
326,1628989,Kevin Huerter,1610612741,CHI,60,31,29,1431.0,602118,114.0,61.1,52.9,4.47,4.96,4.01,4.347991914260651,1.9,2.867924528301887
350,1629013,Landry Shamet,1610612752,NYK,40,24,16,536.0,225580,42.7,23.4,19.3,4.55,4.94,4.15,1.6285899538502613,1.0675000000000001,2.8679104477611945
264,1631110,Jeremy Sochan,1610612759,SAS,52,21,31,1314.0,552303,104.6,54.1,50.5,4.45,4.67,4.23,3.989473282733895,2.0115384615384615,2.8657534246575342
1,1631260,AJ Green,1610612749,MIL,64,37,27,1441.0,605674,114.7,62.5,52.2,4.48,4.87,4.08,4.3746901102254085,1.7921875,2.8655100624566274
383,203486,Mason Plumlee,1610612756,PHX,69,32,37,1215.0,510805,96.7,54.4,42.3,4.44,4.81,4.04,3.688165071131622,1.401449275362319,2.8651851851851853
173,1629726,Garrison Mathews,1610612737,ATL,46,20,26,793.0,333119,63.1,33.4,29.7,4.43,4.83,4.05,2.4066516648232197,1.3717391304347826,2.864564943253468
168,1630532,Franz Wagner,1610612753,ORL,53,27,26,1786.0,749918,142.0,79.4,62.6,4.44,4.85,4.01,5.415919752850986,2.6792452830188678,2.8622620380739083
190,1630193,Immanuel Quickley,1610612761,TOR,29,10,19,823.0,345051,65.4,34.5,30.9,4.43,4.88,4.01,2.494374308707426,2.2551724137931037,2.860753341433779
65,1642267,Bub Carrington,1610612764,WAS,72,15,57,2113.0,886122,167.8,90.0,77.8,4.45,4.79,4.13,6.399938975552081,2.3305555555555557,2.8588736393752963
338,1627739,Kris Dunn,1610612746,LAC,64,36,28,1526.0,639504,121.1,63.2,57.9,4.45,4.62,4.28,4.618787901903199,1.8921875,2.856880733944954
544,1630249,Vít Krejčí,1610612737,ATL,48,23,25,984.0,411815,78.0,41.8,36.2,4.45,4.97,3.97,2.974941836073077,1.625,2.8536585365853657
232,1630592,Jalen Wilson,1610612751,BKN,71,22,49,1814.0,758701,143.7,77.8,65.9,4.41,4.59,4.21,5.480758228765398,2.0239436619718307,2.851819184123484
310,1631255,Karlo Matković,1610612740,NOP,34,11,23,611.0,255732,48.4,25.4,23.0,4.39,4.72,4.08,1.8459895495632936,1.423529411764706,2.8517184942716858
67,203468,CJ McCollum,1610612740,NOP,55,17,38,1804.0,754583,142.9,78.8,64.1,4.44,4.92,3.95,5.450246004805675,2.598181818181818,2.8516629711751666
248,1629750,Javonte Green,1610612739,CLE,60,19,41,1173.0,490380,92.9,48.6,44.3,4.42,4.55,4.29,3.543232007322934,1.5483333333333333,2.851150895140665
476,1630241,Sam Merrill,1610612739,CLE,64,50,14,1245.0,520643,98.6,50.6,48.0,4.42,4.76,4.11,3.760631603035966,1.540625,2.8510843373493975
322,1630553,Keon Johnson,1610612751,BKN,70,23,47,1695.0,708638,134.2,70.5,63.8,4.4,4.51,4.3,5.118425569243677,1.917142857142857,2.8502654867256636
197,1630198,Isaiah Joe,1610612760,OKC,66,56,10,1400.0,585113,110.8,59.7,51.1,4.41,4.78,4.05,4.225943018421755,1.6787878787878787,2.849142857142857
456,1642366,Quinten Post,1610612744,GSW,32,19,13,535.0,223502,42.3,22.5,19.8,4.44,4.63,4.25,1.613333841870399,1.321875,2.8463551401869154
513,1641787,Tosan Evbuomwan,1610612751,BKN,21,7,14,501.0,208876,39.6,21.1,18.4,4.38,4.7,4.05,1.5103550860063313,1.8857142857142857,2.8455089820359283
479,1630703,Scoot Henderson,1610612757,POR,66,30,36,1759.0,733974,139.0,71.2,67.8,4.41,4.62,4.21,5.301498913002021,2.106060606060606,2.8447981807845366
130,1629731,Dean Wade,1610612739,CLE,53,44,9,1134.0,473222,89.6,47.4,42.2,4.45,4.88,4.04,3.4173690834890724,1.690566037735849,2.8444444444444446
195,1628392,Isaiah Hartenstein,1610612760,OKC,51,45,6,1446.0,602380,114.1,60.1,54.0,4.43,4.75,4.12,4.3518059422556155,2.2372549019607844,2.8406639004149374
17,1642259,Alex Sarr,1610612764,WAS,57,10,47,1541.0,641378,121.5,64.2,57.2,4.44,4.81,4.08,4.634044013883062,2.1315789473684212,2.8384166125892274
321,1631165,Keon Ellis,1610612758,SAC,70,34,36,1666.0,693325,131.3,66.6,64.7,4.42,4.53,4.32,5.007818757389679,1.875714285714286,2.837214885954382
291,1630581,Josh Giddey,1610612741,CHI,63,28,35,1884.0,783255,148.3,79.1,69.3,4.47,4.99,4.0,5.656203516533812,2.353968253968254,2.83375796178344
35,1641709,Ausar Thompson,1610612765,DET,50,31,19,1075.0,446715,84.6,43.1,41.5,4.43,4.63,4.24,3.226667683740798,1.692,2.8331162790697673
475,1630573,Sam Hauser,1610612738,BOS,60,43,17,1283.0,532762,100.9,55.1,45.8,4.48,4.7,4.24,3.8483542469201724,1.6816666666666669,2.8311769290724866
505,1626179,Terry Rozier,1610612748,MIA,58,24,34,1543.0,640216,121.3,64.2,57.1,4.4,4.61,4.18,4.626415957893131,2.0913793103448275,2.8300712896953986
135,203471,Dennis Schröder,1610612765,DET,65,34,31,1794.0,744266,141.0,76.4,64.6,4.37,4.64,4.09,5.377779472901331,2.169230769230769,2.8294314381270906
298,1630577,Julian Champagnie,1610612759,SAS,72,31,41,1663.0,690249,130.7,69.0,61.8,4.41,4.66,4.16,4.984934589419885,1.8152777777777775,2.829344558027661
192,1630171,Isaac Okoro,1610612739,CLE,47,39,8,878.0,364156,69.0,34.8,34.2,4.41,4.64,4.19,2.631679316526183,1.4680851063829787,2.8291571753986333
313,1631099,Keegan Murray,1610612758,SAC,69,33,36,2395.0,993604,188.2,97.8,90.4,4.41,4.67,4.15,7.1780006865250385,2.727536231884058,2.828893528183716
229,1630188,Jalen Smith,1610612741,CHI,58,24,34,872.0,361785,68.5,36.0,32.5,4.39,4.88,3.94,2.6126091765513557,1.1810344827586208,2.8279816513761467
139,1630217,Desmond Bane,1610612763,MEM,61,35,26,1933.0,801522,151.8,81.7,70.1,4.47,4.99,3.98,5.789694496357604,2.4885245901639346,2.827108122090016
414,1630208,Nick Richards,1610612756,PHX,51,17,34,1125.0,466157,88.3,48.2,40.1,4.44,4.64,4.22,3.3677867195545215,1.7313725490196077,2.8255999999999997
9,1641737,Adem Bona,1610612755,PHI,49,11,38,627.0,259703,49.2,25.9,23.3,4.34,4.5,4.17,1.8765017735230176,1.0040816326530613,2.82488038277512
226,1630552,Jalen Johnson,1610612737,ATL,36,18,18,1284.0,531498,100.7,53.4,47.2,4.39,4.83,3.97,3.8407261909302415,2.7972222222222225,2.8233644859813087
464,1641741,Ricky Council IV,1610612755,PHI,64,15,49,1047.0,433458,82.1,44.9,37.2,4.35,4.7,3.99,3.131316983866661,1.2828125,2.8229226361031516
156,1629130,Duncan Robinson,1610612748,MIA,67,28,39,1639.0,678521,128.5,71.6,56.9,4.38,4.88,3.88,4.901025973530645,1.9179104477611941,2.822452715070165
348,1630163,LaMelo Ball,1610612766,CHA,47,16,31,1504.0,622391,117.9,66.5,51.4,4.39,4.91,3.85,4.496739006064304,2.5085106382978726,2.8220744680851064
265,1630579,Jericho Sims,1610612749,MIL,52,34,18,619.0,256052,48.5,26.6,21.9,4.38,4.56,4.17,1.8498035775582593,0.9326923076923077,2.8206785137318255
428,1631115,Orlando Robinson,1610612761,TOR,36,19,17,582.0,240934,45.6,23.6,22.1,4.35,4.5,4.21,1.7391967657042602,1.2666666666666666,2.8206185567010307
289,1630631,Jose Alvarado,1610612740,NOP,48,18,30,1150.0,475470,90.1,47.2,42.9,4.39,4.6,4.17,3.4364392234639,1.8770833333333332,2.820521739130435
532,1629639,Tyler Herro,1610612748,MIA,69,32,37,2457.0,1016277,192.5,106.8,85.7,4.39,4.85,3.93,7.342003890308555,2.789855072463768,2.8205128205128203
231,1631114,Jalen Williams,1610612760,OKC,61,49,12,1981.0,819317,155.2,85.0,70.2,4.4,4.96,3.87,5.919371448186429,2.544262295081967,2.8203937405350827
457,1629628,RJ Barrett,1610612761,TOR,53,20,33,1743.0,720772,136.5,72.4,64.1,4.37,4.78,3.98,5.206148213127884,2.5754716981132075,2.819277108433735
468,1641842,Ronald Holland II,1610612765,DET,72,41,31,1133.0,468550,88.7,45.3,43.5,4.37,4.44,4.3,3.3830428315343832,1.2319444444444445,2.818358340688438
330,1629645,Kevin Porter Jr.,1610612749,MIL,64,36,28,1197.0,494790,93.7,50.1,43.6,4.38,4.61,4.13,3.5737442312826575,1.4640625,2.818045112781955
405,1631217,Moussa Diabaté,1610612766,CHA,62,13,49,1065.0,439750,83.3,43.1,40.2,4.33,4.47,4.2,3.177085319806247,1.3435483870967742,2.815774647887324
132,1627749,Dejounte Murray,1610612740,NOP,31,9,22,1012.0,417476,79.1,42.8,36.2,4.37,4.73,4.0,3.016896144017697,2.551612903225806,2.813833992094861
528,1641783,Tristan da Silva,1610612753,ORL,68,31,37,1519.0,626947,118.7,65.0,53.7,4.36,4.61,4.1,4.527251230024028,1.7455882352941177,2.813166556945359
443,1630172,Patrick Williams,1610612741,CHI,54,25,29,1374.0,566302,107.3,56.6,50.6,4.36,4.8,3.96,4.092452038597963,1.987037037037037,2.811353711790393
153,1629234,Drew Eubanks,1610612746,LAC,52,17,35,671.0,276809,52.4,28.3,24.2,4.35,4.59,4.12,1.998550669361913,1.0076923076923077,2.8113263785394933
43,1641731,Bilal Coulibaly,1610612764,WAS,58,12,46,1912.0,788150,149.3,78.4,70.8,4.38,4.64,4.12,5.694343796483467,2.5741379310344827,2.811087866108787
211,1631093,Jaden Ivey,1610612765,DET,30,14,16,898.0,370099,70.1,37.8,32.3,4.37,4.74,3.99,2.673633624470803,2.3366666666666664,2.8102449888641425
243,1642272,Jared McCain,1610612755,PHI,23,7,16,592.0,244056,46.2,25.5,20.7,4.34,4.73,3.94,1.7620809336740533,2.008695652173913,2.8094594594594597
220,1627751,Jakob Poeltl,1610612761,TOR,53,20,33,1580.0,651233,123.3,63.5,59.9,4.37,4.65,4.11,4.7026965177924405,2.3264150943396227,2.809367088607595
94,1630175,Cole Anthony,1610612753,ORL,60,29,31,1105.0,455116,86.2,47.6,38.6,4.36,4.67,4.02,3.2876921316602465,1.4366666666666668,2.8083257918552036
185,203084,Harrison Barnes,1610612759,SAS,72,31,41,1949.0,802676,152.0,81.7,70.3,4.41,4.74,4.08,5.797322552347534,2.111111111111111,2.807593637762955
503,1629611,Terance Mann,1610612737,ATL,56,31,25,1148.0,472418,89.5,46.9,42.6,4.34,4.53,4.15,3.413555055494107,1.5982142857142858,2.8066202090592336
557,1630533,Ziaire Williams,1610612751,BKN,56,19,37,1386.0,569990,108.0,55.7,52.3,4.34,4.31,4.37,4.119150234562722,1.9285714285714286,2.8051948051948052
37,1630245,Ayo Dosunmu,1610612741,CHI,46,17,29,1394.0,573189,108.6,57.3,51.3,4.37,4.79,3.97,4.142034402532514,2.360869565217391,2.8045911047345764
376,1631204,Marcus Sasser,1610612765,DET,51,28,23,697.0,286534,54.3,28.4,25.9,4.33,4.56,4.1,2.071017201266257,1.0647058823529412,2.8045911047345764
215,1630256,Jae'Sean Tate,1610612745,HOU,46,33,13,525.0,215759,40.9,21.6,19.2,4.3,4.51,4.06,1.5599374499408825,0.8891304347826087,2.8045714285714287
78,1627747,Caris LeVert,1610612737,ATL,55,41,14,1362.0,560429,106.1,56.8,49.3,4.33,4.79,3.89,4.0466837026583775,1.929090909090909,2.8044052863436124
295,1629006,Josh Okogie,1610612766,CHA,33,11,22,515.0,211749,40.1,20.6,19.5,4.33,4.36,4.3,1.5294252259811587,1.215151515151515,2.803106796116505
20,1641708,Amen Thompson,1610612745,HOU,62,38,24,2013.0,827180,156.7,82.7,74.0,4.34,4.56,4.12,5.9765818681109115,2.5274193548387096,2.8023845007451564
212,1630183,Jaden McDaniels,1610612750,MIN,73,41,32,2338.0,960255,181.9,93.8,88.0,4.38,4.49,4.26,6.937716922842213,2.4917808219178084,2.8008554319931562
188,1630529,Herbert Jones,1610612740,NOP,20,5,15,648.0,265979,50.4,25.9,24.4,4.35,4.54,4.14,1.9222701094626033,2.52,2.8
174,203914,Gary Harris,1610612753,ORL,39,21,18,602.0,246958,46.8,24.3,22.5,4.32,4.35,4.28,1.784965101643846,1.2,2.798671096345515
535,1630169,Tyrese Haliburton,1610612754,IND,66,40,26,2224.0,912546,172.8,94.2,78.7,4.35,4.89,3.86,6.590640375300355,2.618181818181818,2.797122302158274
307,1642354,KJ Simpson,1610612766,CHA,26,2,24,541.0,221948,42.0,22.5,19.5,4.34,4.53,4.14,1.6018917578855028,1.6153846153846154,2.7948243992606283
235,1642347,Jamal Shead,1610612761,TOR,66,25,41,1219.0,499286,94.6,50.2,44.3,4.31,4.63,3.99,3.6080704832373467,1.4333333333333333,2.7937653814602132
419,1631107,Nikola Jović,1610612748,MIA,46,21,25,1156.0,473723,89.7,48.1,41.6,4.32,4.6,4.04,3.421183111484038,1.95,2.7934256055363327
79,1641717,Cason Wallace,1610612760,OKC,61,50,11,1669.0,683850,129.5,65.2,64.3,4.35,4.51,4.2,4.9391662534803,2.122950819672131,2.7932893948472137
108,1630625,Dalano Banton,1610612757,POR,59,24,35,869.0,355813,67.4,35.1,32.3,4.32,4.63,4.02,2.5706548686067356,1.1423728813559324,2.7921749136939016
391,1630695,Micah Potter,1610612762,UTA,33,9,24,583.0,238703,45.2,23.9,21.3,4.34,4.42,4.24,1.7239406537243984,1.3696969696969699,2.7910806174957123
48,203992,Bogdan Bogdanović,1610612746,LAC,44,24,20,1112.0,455338,86.2,46.7,39.6,4.34,4.77,3.93,3.2876921316602465,1.9590909090909092,2.7906474820143887
210,1630702,Jaden Hardy,1610612742,DAL,51,27,24,787.0,321939,61.0,32.5,28.5,4.32,4.67,3.99,2.3265570769289448,1.196078431372549,2.790343074968234
316,1629640,Keldon Johnson,1610612759,SAS,69,29,40,1640.0,671327,127.1,67.9,59.2,4.31,4.62,4.01,4.847629581601129,1.8420289855072463,2.79
82,1628449,Chris Boucher,1610612761,TOR,50,18,32,862.0,352842,66.8,34.8,32.1,4.33,4.51,4.15,2.5477707006369426,1.3359999999999999,2.789791183294663
114,1629655,Daniel Gafford,1610612742,DAL,51,26,25,1115.0,456359,86.4,44.9,41.6,4.35,4.55,4.16,3.2953201876501774,1.6941176470588237,2.7895964125560537
516,1631218,Trayce Jackson-Davis,1610612744,GSW,54,28,26,904.0,369351,70.0,36.6,33.3,4.36,4.54,4.17,2.669819596475838,1.2962962962962963,2.787610619469026
480,1630567,Scottie Barnes,1610612761,TOR,57,23,34,1914.0,781738,148.1,77.9,70.2,4.32,4.72,3.95,5.64857546054388,2.5982456140350876,2.785579937304075
281,1642367,Jonathan Mogbo,1610612761,TOR,54,14,40,1007.0,411559,77.9,39.1,38.9,4.3,4.41,4.2,2.971127808078111,1.4425925925925926,2.7849056603773588
394,201144,Mike Conley,1610612750,MIN,62,36,26,1528.0,624345,118.2,64.9,53.3,4.36,4.7,4.01,4.5081810900492005,1.9064516129032258,2.7848167539267017
136,1641726,Dereck Lively II,1610612742,DAL,32,19,13,768.0,313513,59.4,30.6,28.8,4.36,4.6,4.13,2.265532629009497,1.85625,2.7843750000000003
495,1629004,Svi Mykhailiuk,1610612762,UTA,29,5,24,576.0,234724,44.5,24.1,20.4,4.37,4.6,4.13,1.6972424577596399,1.5344827586206897,2.78125
124,1630549,Day'Ron Sharpe,1610612751,BKN,49,14,35,888.0,362243,68.6,36.8,31.8,4.29,4.53,4.05,2.616423204546321,1.4,2.781081081081081
177,1627777,Georges Niang,1610612737,ATL,70,50,20,1521.0,620265,117.5,62.1,55.4,4.29,4.78,3.86,4.481482894084443,1.6785714285714286,2.7810650887573964
372,1628370,Malik Monk,1610612758,SAC,58,32,26,1881.0,767362,145.3,80.3,65.0,4.33,4.86,3.81,5.541782676684847,2.5051724137931037,2.780861244019139
182,1628960,Grayson Allen,1610612756,PHX,55,28,27,1343.0,546973,103.6,57.3,46.3,4.28,4.56,3.99,3.95133300278424,1.8836363636363636,2.777066269545793
242,1630215,Jared Butler,1610612755,PHI,51,5,46,791.0,322336,61.0,32.8,28.2,4.3,4.71,3.89,2.3265570769289448,1.196078431372549,2.7762326169405815
279,1628371,Jonathan Isaac,1610612753,ORL,63,29,34,970.0,395050,74.8,40.1,34.7,4.27,4.46,4.07,2.852892940234181,1.1873015873015873,2.776082474226804
273,1628381,John Collins,1610612762,UTA,39,12,27,1194.0,485810,92.0,50.4,41.6,4.29,4.61,3.95,3.5089057553682443,2.358974358974359,2.7738693467336684
556,1630192,Zeke Nnaji,1610612743,DEN,52,34,18,544.0,220995,41.9,21.8,20.1,4.32,4.49,4.16,1.5980777298905373,0.8057692307692308,2.772794117647059
387,1631108,Max Christie,1610612742,DAL,70,37,33,1915.0,776968,147.2,78.4,68.7,4.31,4.59,4.03,5.61424920858919,2.1028571428571428,2.7672062663185377
123,1630558,Davion Mitchell,1610612748,MIA,65,21,44,1742.0,706738,133.9,68.4,65.5,4.3,4.47,4.14,5.106983485258782,2.06,2.7671641791044777
524,1626168,Trey Lyles,1610612758,SAC,59,29,30,1084.0,439807,83.3,43.9,39.4,4.27,4.52,4.03,3.177085319806247,1.411864406779661,2.7664206642066422
203,1629630,Ja Morant,1610612763,MEM,43,28,15,1291.0,523853,99.2,52.5,46.7,4.38,4.82,3.97,3.783515771005759,2.3069767441860467,2.7662277304415186
342,1642271,Kyle Filipowski,1610612762,UTA,63,12,51,1268.0,514193,97.4,52.2,45.2,4.28,4.44,4.1,3.7148632670963804,1.546031746031746,2.765299684542587
86,1631128,Christian Braun,1610612743,DEN,72,44,28,2415.0,979550,185.5,97.8,87.8,4.36,4.72,4.02,7.075021930660971,2.576388888888889,2.765217391304348
453,1629656,Quentin Grimes,1610612755,PHI,68,28,40,1770.0,717635,135.9,72.1,63.8,4.3,4.61,4.0,5.183264045158092,1.9985294117647059,2.764067796610169
401,1629021,Moritz Wagner,1610612753,ORL,30,18,12,564.0,228532,43.3,23.3,20.0,4.25,4.48,4.01,1.651474121820054,1.4433333333333331,2.7638297872340427
537,1630178,Tyrese Maxey,1610612755,PHI,52,20,32,1960.0,794210,150.4,86.3,64.1,4.28,4.76,3.76,5.736298104428086,2.8923076923076922,2.762448979591837
343,1628398,Kyle Kuzma,1610612749,MIL,54,17,37,1613.0,653041,123.7,67.1,56.5,4.31,4.65,3.95,4.717952629772302,2.2907407407407407,2.760818350898946
300,1631124,Julian Strawther,1610612743,DEN,61,39,22,1351.0,547102,103.6,55.0,48.7,4.35,4.7,4.02,3.95133300278424,1.698360655737705,2.760621761658031
149,1628978,Donte DiVincenzo,1610612750,MIN,54,30,24,1427.0,577650,109.4,58.6,50.8,4.27,4.67,3.89,4.172546626492238,2.025925925925926,2.7599159074982484
241,1641716,Jarace Walker,1610612754,IND,65,38,27,994.0,402599,76.2,40.1,36.2,4.27,4.48,4.07,2.906289332163698,1.1723076923076923,2.759758551307847
42,1631097,Bennedict Mathurin,1610612754,IND,66,39,27,1974.0,798778,151.3,78.1,73.2,4.29,4.56,4.04,5.770624356382776,2.2924242424242425,2.7592705167173253
137,1627884,Derrick Jones Jr.,1610612746,LAC,66,39,27,1603.0,648596,122.8,64.5,58.3,4.29,4.44,4.14,4.683626377817613,1.8606060606060606,2.757829070492826
400,1628420,Monté Morris,1610612756,PHX,42,21,21,533.0,215647,40.8,22.6,18.3,4.26,4.6,3.92,1.5561234219459168,0.9714285714285713,2.7557223264540336
396,1630540,Miles McBride,1610612752,NYK,59,37,22,1471.0,594349,112.6,60.1,52.5,4.37,4.59,4.13,4.294595522331133,1.9084745762711863,2.75567641060503
545,1631117,Walker Kessler,1610612762,UTA,56,14,42,1682.0,679015,128.6,68.7,59.9,4.28,4.41,4.14,4.904840001525611,2.2964285714285713,2.7524375743162897
538,1626145,Tyus Jones,1610612756,PHX,72,35,37,2000.0,807115,152.9,84.8,68.0,4.31,4.59,4.0,5.831648804302223,2.1236111111111113,2.7522
224,1630224,Jalen Green,1610612745,HOU,73,47,26,2461.0,993173,188.1,104.3,83.8,4.28,4.66,3.88,7.174186658530073,2.5767123287671234,2.751564404713531
76,1629661,Cameron Johnson,1610612751,BKN,55,20,35,1756.0,708781,134.2,74.7,59.5,4.26,4.58,3.92,5.118425569243677,2.44,2.75125284738041
421,1641730,Noah Clowney,1610612751,BKN,44,10,34,1005.0,405624,76.8,42.7,34.2,4.27,4.56,3.97,2.9291735001334906,1.7454545454545454,2.751044776119403
352,1628374,Lauri Markkanen,1610612762,UTA,46,9,37,1446.0,583451,110.5,60.1,50.4,4.27,4.5,4.01,4.214500934436859,2.402173913043478,2.7510373443983402
105,1629610,DaQuan Jeffries,1610612766,CHA,36,7,29,784.0,316072,59.9,31.7,28.1,4.29,4.47,4.08,2.2846027689843242,1.6638888888888888,2.7505102040816327
142,1630170,Devin Vassell,1610612759,SAS,57,23,34,1771.0,713859,135.2,73.1,62.1,4.28,4.67,3.9,5.156565849193332,2.3719298245614033,2.7482778091473743
54,1630527,Brandon Boston,1610612740,NOP,42,8,34,993.0,400274,75.8,39.7,36.1,4.3,4.43,4.16,2.891033220183836,1.8047619047619048,2.748036253776435
359,1628366,Lonzo Ball,1610612741,CHI,35,16,19,777.0,313364,59.3,31.4,27.9,4.29,4.8,3.83,2.261718601014531,1.6942857142857142,2.747490347490347
68,1630595,Cade Cunningham,1610612765,DET,65,37,28,2283.0,919775,174.2,97.8,76.4,4.3,4.86,3.74,6.644036767229871,2.6799999999999997,2.7469119579500654
171,1629216,Gabe Vincent,1610612747,LAL,63,40,23,1336.0,537795,101.9,54.8,47.1,4.25,4.49,4.0,3.886494526869827,1.6174603174603175,2.745808383233533
558,1629627,Zion Williamson,1610612740,NOP,29,10,19,830.0,334157,63.3,33.9,29.4,4.25,4.68,3.85,2.4142797208131506,2.182758620689655,2.7455421686746986
26,1629014,Anfernee Simons,1610612757,POR,69,28,41,2257.0,908545,172.1,93.4,78.7,4.28,4.68,3.88,6.563942179335596,2.4942028985507245,2.7450598139122726
110,1642261,Dalton Knecht,1610612747,LAL,69,41,28,1378.0,554411,105.0,57.2,47.8,4.26,4.54,3.96,4.004729394713757,1.5217391304347827,2.74310595065312
393,1628969,Mikal Bridges,1610612752,NYK,72,45,27,2707.0,1088799,206.2,112.1,94.2,4.31,4.52,4.1,7.864525725618825,2.863888888888889,2.7422238640561507
431,1642345,Oso Ighodaro,1610612756,PHX,52,24,28,824.0,331171,62.7,33.9,28.8,4.25,4.47,4.02,2.391395552843358,1.205769230769231,2.7393203883495145
333,203114,Khris Middleton,1610612764,WAS,36,17,19,819.0,328965,62.3,33.9,28.5,4.27,4.76,3.82,2.3761394408634957,1.7305555555555554,2.738461538461538
125,1628368,De'Aaron Fox,1610612759,SAS,61,26,35,2205.0,884960,167.6,90.2,77.4,4.25,4.75,3.79,6.392310919562149,2.7475409836065574,2.736326530612245
492,201939,Stephen Curry,1610612744,GSW,58,33,25,1862.0,746888,141.5,79.6,61.9,4.28,4.86,3.71,5.396849612876158,2.439655172413793,2.735767991407089
46,1626171,Bobby Portis,1610612749,MIL,46,27,19,1160.0,465049,88.1,46.7,41.4,4.27,4.51,4.03,3.36015866356459,1.9152173913043478,2.734137931034483
555,203897,Zach LaVine,1610612758,SAC,65,28,37,2270.0,910123,172.4,92.6,79.8,4.26,4.66,3.88,6.575384263320493,2.6523076923076925,2.7340969162995594
498,1629659,Talen Horton-Tucker,1610612741,CHI,49,19,30,548.0,219907,41.6,21.8,19.9,4.23,4.76,3.79,1.586635645905641,0.8489795918367348,2.732846715328467
341,203937,Kyle Anderson,1610612748,MIA,52,25,27,784.0,314067,59.5,32.0,27.5,4.27,4.58,3.95,2.2693466570044625,1.1442307692307692,2.7321428571428568
72,1629629,Cam Reddish,1610612747,LAL,33,15,18,589.0,235952,44.7,21.7,23.0,4.24,4.03,4.47,1.704870513749571,1.3545454545454547,2.7320882852292026
483,1631101,Shaedon Sharpe,1610612757,POR,66,29,37,2036.0,815511,154.5,81.7,72.7,4.26,4.54,3.98,5.892673252221671,2.340909090909091,2.731827111984283
282,203903,Jordan Clarkson,1610612762,UTA,37,10,27,962.0,385428,73.0,40.3,32.7,4.23,4.52,3.92,2.7842404363248026,1.972972972972973,2.731808731808732
499,1631106,Tari Eason,1610612745,HOU,50,32,18,1268.0,508011,96.2,50.6,45.6,4.21,4.38,4.04,3.6690949311567946,1.9240000000000002,2.731230283911672
417,201587,Nicolas Batum,1610612746,LAC,70,40,30,1243.0,497766,94.3,49.5,44.8,4.21,4.33,4.09,3.59662839925245,1.3471428571428572,2.7311343523732905
193,1642268,Isaiah Collier,1610612762,UTA,65,14,51,1651.0,661161,125.2,69.1,56.1,4.23,4.58,3.86,4.7751630496967845,1.926153846153846,2.729981829194428
303,1642348,Justin Edwards,1610612755,PHI,39,11,28,1017.0,407145,77.1,41.0,36.1,4.24,4.42,4.05,2.940615584118387,1.9769230769230768,2.7292035398230086
469,1626220,Royce O'Neale,1610612756,PHX,67,32,35,1669.0,668012,126.5,70.6,55.9,4.23,4.56,3.87,4.8247454136313355,1.8880597014925373,2.7285799880167763
450,1631212,Peyton Watson,1610612743,DEN,61,36,25,1466.0,586499,111.1,56.7,54.3,4.32,4.51,4.14,4.237385102406651,1.821311475409836,2.7282401091405184
335,202691,Klay Thompson,1610612742,DAL,65,30,35,1793.0,717076,135.8,74.4,61.4,4.28,4.74,3.84,5.179450017163126,2.0892307692307694,2.7266034578918017
167,1630596,Evan Mobley,1610612739,CLE,64,53,11,1933.0,772896,146.4,77.3,69.1,4.23,4.7,3.8,5.583736984629467,2.2875,2.726539058458355
530,1629660,Ty Jerome,1610612739,CLE,67,54,13,1322.0,528336,100.1,54.1,45.9,4.23,4.74,3.74,3.817842022960448,1.4940298507462686,2.7258698940998483
493,1642264,Stephon Castle,1610612759,SAS,71,30,41,1843.0,736413,139.5,73.4,66.1,4.24,4.55,3.94,5.320569052976849,1.9647887323943662,2.7249050461204556
551,1642274,Yves Missi,1610612740,NOP,66,18,48,1772.0,707891,134.1,70.3,63.8,4.25,4.43,4.07,5.1146115412487125,2.0318181818181817,2.724379232505643
120,1629636,Darius Garland,1610612739,CLE,68,55,13,2075.0,828450,156.9,84.4,72.5,4.25,4.71,3.81,5.984209924100843,2.307352941176471,2.7221204819277114
403,1630541,Moses Moody,1610612744,GSW,62,37,25,1336.0,533305,101.0,54.4,46.6,4.22,4.5,3.93,3.8521682749151376,1.6290322580645162,2.7215568862275448
223,1631105,Jalen Duren,1610612765,DET,69,40,29,1788.0,713113,135.1,69.5,65.5,4.26,4.43,4.08,5.152751821198367,1.9579710144927536,2.720134228187919
471,1629060,Rui Hachimura,1610612747,LAL,53,32,21,1675.0,667814,126.5,66.5,60.0,4.25,4.4,4.08,4.8247454136313355,2.3867924528301887,2.7188059701492535
553,1628380,Zach Collins,1610612741,CHI,54,27,27,792.0,315508,59.8,31.6,28.2,4.24,4.56,3.93,2.2807887409893586,1.1074074074074074,2.7181818181818183
4,1628988,Aaron Holiday,1610612745,HOU,54,34,20,669.0,266714,50.5,26.7,23.9,4.18,4.4,3.96,1.9260841374575688,0.9351851851851852,2.717488789237668
485,1629003,Shake Milton,1610612747,LAL,53,27,26,786.0,312948,59.3,32.1,27.2,4.19,4.3,4.07,2.261718601014531,1.1188679245283017,2.7160305343511446
554,1641744,Zach Edey,1610612763,MEM,58,32,26,1193.0,475306,90.0,46.9,43.1,4.31,4.56,4.07,3.4326251954689346,1.5517241379310345,2.7158424140821458
452,1630173,Precious Achiuwa,1610612752,NYK,49,31,18,991.0,394278,74.7,39.6,35.1,4.24,4.34,4.12,2.8490789122392157,1.5244897959183674,2.713622603430878
413,1629651,Nic Claxton,1610612751,BKN,63,18,45,1725.0,686390,130.0,69.4,60.6,4.21,4.29,4.12,4.9582363934551275,2.0634920634920637,2.71304347826087
77,1626166,Cameron Payne,1610612752,NYK,66,43,23,981.0,390277,73.9,40.8,33.1,4.27,4.7,3.83,2.818566688279492,1.1196969696969699,2.7119266055045874
319,1629026,Kenrich Williams,1610612760,OKC,59,50,9,924.0,367585,69.6,36.5,33.2,4.21,4.47,3.97,2.654563484495976,1.1796610169491524,2.7116883116883117
206,1631133,Jabari Walker,1610612757,POR,52,19,33,598.0,237734,45.0,23.7,21.4,4.16,4.49,3.87,1.7163125977344673,0.8653846153846154,2.7090301003344486
318,1626162,Kelly Oubre Jr.,1610612755,PHI,60,21,39,2078.0,825187,156.3,82.0,74.3,4.19,4.33,4.06,5.96132575613105,2.605,2.707795957651588
62,1628971,Bruce Brown,1610612740,NOP,35,14,21,757.0,300553,56.9,30.4,26.5,4.19,4.57,3.84,2.1701819291353597,1.6257142857142857,2.7059445178335535
150,1627827,Dorian Finney-Smith,1610612747,LAL,54,30,24,1530.0,606941,115.0,60.6,54.4,4.2,4.34,4.05,4.3861321942103055,2.1296296296296298,2.705882352941176
482,203552,Seth Curry,1610612766,CHA,61,16,45,901.0,357378,67.7,36.7,31.0,4.21,4.38,4.02,2.582096952591632,1.1098360655737705,2.7049944506104326
90,1629632,Coby White,1610612741,CHI,65,28,37,2172.0,860927,163.1,87.6,75.5,4.2,4.69,3.75,6.220679659788702,2.509230769230769,2.703314917127072
145,1627734,Domantas Sabonis,1610612758,SAC,60,31,29,2082.0,825441,156.3,81.5,74.8,4.22,4.53,3.93,5.96132575613105,2.605,2.7025936599423637
519,1630570,Trendon Watford,1610612751,BKN,34,13,21,665.0,263676,49.9,27.5,22.5,4.16,4.38,3.94,1.903199969487776,1.4676470588235293,2.7013533834586463
269,202710,Jimmy Butler III,1610612744,GSW,44,28,16,1376.0,544848,103.2,55.2,47.9,4.2,4.36,4.03,3.9360768908043786,2.3454545454545457,2.6999999999999997
74,1630560,Cam Thomas,1610612751,BKN,24,8,16,752.0,297954,56.4,30.6,25.8,4.19,4.39,3.97,2.1511117891605323,2.35,2.6999999999999997
147,1642270,Donovan Clingan,1610612757,POR,59,25,34,1095.0,433290,82.1,42.9,39.2,4.21,4.48,3.95,3.131316983866661,1.3915254237288135,2.699178082191781
81,1631096,Chet Holmgren,1610612760,OKC,26,22,4,707.0,279636,53.0,28.0,25.0,4.22,4.65,3.82,2.021434837331706,2.0384615384615383,2.6987270155586986
134,1630166,Deni Avdija,1610612757,POR,68,31,37,2014.0,796885,150.9,80.1,70.8,4.2,4.5,3.9,5.755368244402914,2.2191176470588236,2.6973187686196627
57,1641706,Brandon Miller,1610612766,CHA,27,8,19,924.0,365500,69.2,38.8,30.4,4.17,4.6,3.74,2.6393073725161145,2.562962962962963,2.6961038961038963
439,1627783,Pascal Siakam,1610612754,IND,71,42,29,2331.0,921557,174.5,91.0,83.5,4.19,4.51,3.89,6.655478851214768,2.4577464788732395,2.694980694980695
427,1630168,Onyeka Okongwu,1610612737,ATL,65,30,35,1761.0,695827,131.8,67.9,63.9,4.19,4.54,3.87,5.026888897364507,2.0276923076923077,2.694378194207837
540,203995,Vasilije Micić,1610612756,PHX,39,8,31,775.0,306361,58.0,32.7,25.3,4.2,4.62,3.75,2.21213623707998,1.4871794871794872,2.694193548387097
369,1627763,Malcolm Brogdon,1610612764,WAS,24,6,18,564.0,222860,42.2,23.2,19.0,4.2,4.66,3.76,1.6095198138754339,1.7583333333333335,2.693617021276596
306,1630231,KJ Martin,1610612762,UTA,40,11,29,845.0,333931,63.2,33.5,29.8,4.16,4.35,3.98,2.4104656928181853,1.58,2.692544378698225
395,1628970,Miles Bridges,1610612766,CHA,56,14,42,1804.0,712361,134.9,73.3,61.6,4.2,4.58,3.81,5.145123765208437,2.4089285714285715,2.692017738359202
205,1631095,Jabari Smith Jr.,1610612745,HOU,51,35,16,1550.0,611945,115.9,61.3,54.6,4.19,4.36,4.01,4.420458446164995,2.272549019607843,2.6918709677419357
126,1629631,De'Andre Hunter,1610612739,CLE,57,34,23,1564.0,616783,116.8,62.7,54.1,4.14,4.68,3.65,4.454784698119684,2.049122807017544,2.68849104859335
222,1628973,Jalen Brunson,1610612752,NYK,61,39,22,2162.0,852392,161.4,93.3,68.2,4.24,4.67,3.77,6.15584118387429,2.6459016393442623,2.6875115633672526
331,1626172,Kevon Looney,1610612744,GSW,64,37,27,978.0,385597,73.0,38.2,34.9,4.18,4.34,4.03,2.7842404363248026,1.140625,2.6871165644171775
103,1626156,D'Angelo Russell,1610612751,BKN,54,25,29,1388.0,547064,103.6,57.1,46.5,4.17,4.51,3.81,3.95133300278424,1.9185185185185185,2.687031700288184
525,1630530,Trey Murphy III,1610612740,NOP,52,14,38,1823.0,717851,136.0,72.4,63.6,4.17,4.46,3.88,5.187078073153057,2.6153846153846154,2.685682940208448
434,1629023,P.J. Washington,1610612742,DAL,51,29,22,1654.0,651132,123.3,65.5,57.8,4.19,4.48,3.9,4.7026965177924405,2.4176470588235293,2.6836759371221284
12,202692,Alec Burks,1610612748,MIA,41,21,20,703.0,276495,52.4,27.8,24.6,4.17,4.31,4.02,1.998550669361913,1.278048780487805,2.683357041251778
317,203482,Kelly Olynyk,1610612740,NOP,38,11,27,750.0,295237,55.9,29.4,26.5,4.17,4.52,3.85,2.132041649185705,1.4710526315789474,2.6832
470,203497,Rudy Gobert,1610612750,MIN,63,35,28,2059.0,809415,153.3,80.6,72.7,4.19,4.34,4.03,5.846904916282086,2.4333333333333336,2.680330257406508
406,1626167,Myles Turner,1610612754,IND,64,38,26,1954.0,767863,145.4,75.2,70.2,4.18,4.46,3.92,5.545596704679812,2.271875,2.6788126919140227
51,203078,Bradley Beal,1610612756,PHX,48,21,27,1545.0,606826,114.9,61.9,53.0,4.16,4.32,4.0,4.38231816621534,2.3937500000000003,2.6772815533980587
59,1641729,Brice Sensabaugh,1610612762,UTA,63,13,50,1189.0,466808,88.4,46.9,41.5,4.13,4.26,4.0,3.371600747549487,1.4031746031746033,2.6765349032800674
247,1628386,Jarrett Allen,1610612739,CLE,73,59,14,2088.0,819195,155.2,80.1,75.0,4.19,4.46,3.93,5.919371448186429,2.1260273972602737,2.6758620689655173
409,1630230,Naji Marshall,1610612742,DAL,61,29,32,1668.0,653975,123.9,64.8,59.0,4.16,4.38,3.93,4.725580685762234,2.0311475409836066,2.6741007194244606
377,203935,Marcus Smart,1610612764,WAS,30,16,14,611.0,238927,45.3,23.9,21.4,4.11,4.49,3.75,1.7277546817193636,1.51,2.669067103109656
447,1630202,Payton Pritchard,1610612738,BOS,70,51,19,1987.0,777844,147.3,81.1,66.2,4.19,4.4,3.95,5.618063236584157,2.1042857142857145,2.6687468545546054
267,1641724,Jett Howard,1610612753,ORL,56,26,30,626.0,244759,46.4,24.8,21.6,4.08,4.31,3.84,1.769708989663984,0.8285714285714285,2.668370607028754
183,1627824,Guerschon Yabusele,1610612755,PHI,67,23,44,1792.0,701231,132.8,70.9,61.9,4.13,4.3,3.96,5.065029177314162,1.9820895522388062,2.6678571428571427
25,203952,Andrew Wiggins,1610612748,MIA,56,26,30,1725.0,674971,127.8,68.5,59.3,4.16,4.51,3.83,4.874327777565887,2.282142857142857,2.667130434782609
27,1641710,Anthony Black,1610612753,ORL,69,32,37,1659.0,648958,122.9,65.0,57.9,4.11,4.2,4.0,4.687440405812579,1.781159420289855,2.6669077757685353
364,1628436,Luke Kornet,1610612738,BOS,63,45,18,1134.0,443693,84.0,44.4,39.6,4.22,4.29,4.15,3.2037835157710055,1.3333333333333333,2.6666666666666665
115,1628464,Daniel Theis,1610612740,NOP,38,10,28,621.0,242811,46.0,24.2,21.8,4.13,4.28,3.97,1.7544528776841222,1.2105263157894737,2.6666666666666665
89,203991,Clint Capela,1610612737,ATL,54,26,28,1160.0,453815,85.9,44.8,41.1,4.17,4.47,3.88,3.27625004767535,1.5907407407407408,2.6658620689655175
507,1628418,Thomas Bryant,1610612754,IND,56,37,19,824.0,322272,61.0,31.7,29.4,4.13,4.26,4.01,2.3265570769289448,1.0892857142857142,2.6650485436893203
371,1627736,Malik Beasley,1610612765,DET,72,41,31,1982.0,773617,146.5,78.3,68.3,4.12,4.38,3.86,5.5875510126244325,2.0347222222222223,2.6609485368314836
510,202699,Tobias Harris,1610612765,DET,68,39,29,2180.0,850644,161.1,85.0,76.1,4.14,4.39,3.9,6.144399099889393,2.3691176470588236,2.660366972477064
260,1630288,Jeff Dowtin Jr.,1610612755,PHI,39,9,30,562.0,218941,41.5,22.5,18.9,4.11,4.37,3.81,1.5828216179106753,1.064102564102564,2.658362989323843
305,203994,Jusuf Nurkić,1610612766,CHA,42,17,25,879.0,342894,64.9,35.5,29.4,4.17,4.42,3.91,2.4753041687325985,1.5452380952380953,2.6580204778156995
411,1629675,Naz Reid,1610612750,MIN,72,40,32,2010.0,783608,148.4,78.0,70.4,4.13,4.38,3.89,5.660017544528777,2.0611111111111113,2.657910447761194
36,1630559,Austin Reaves,1610612747,LAL,64,40,24,2216.0,863733,163.6,91.1,72.5,4.14,4.53,3.74,6.23974979976353,2.55625,2.657761732851985
198,1630191,Isaiah Stewart,1610612765,DET,66,36,30,1304.0,508091,96.2,50.3,46.0,4.12,4.29,3.97,3.6690949311567946,1.4575757575757575,2.6558282208588957
332,1641718,Keyonte George,1610612762,UTA,58,12,46,1803.0,702373,133.0,72.4,60.6,4.1,4.35,3.84,5.072657233304092,2.293103448275862,2.6555740432612316
311,202695,Kawhi Leonard,1610612746,LAC,29,18,11,898.0,348865,66.1,35.8,30.3,4.17,4.45,3.88,2.521072504672184,2.279310344827586,2.6498886414253895
287,1629673,Jordan Poole,1610612764,WAS,62,13,49,1850.0,717462,135.9,77.0,58.8,4.12,4.69,3.56,5.183264045158092,2.1919354838709677,2.6445405405405404
179,1629048,Goga Bitadze,1610612753,ORL,62,32,30,1306.0,506305,95.9,51.2,44.7,4.1,4.24,3.96,3.657652847171898,1.5467741935483872,2.643491577335375
245,1628991,Jaren Jackson Jr.,1610612763,MEM,66,39,27,1942.0,752893,142.6,75.1,67.5,4.16,4.53,3.82,5.438803920820779,2.1606060606060606,2.6434603501544798
360,1629652,Luguentz Dort,1610612760,OKC,64,52,12,1864.0,721924,136.7,69.9,66.8,4.12,4.31,3.94,5.213776269117814,2.1359375,2.6401287553648065
422,1626181,Norman Powell,1610612746,LAC,51,31,20,1649.0,637855,120.8,66.0,54.8,4.1,4.45,3.75,4.607345817918303,2.368627450980392,2.6372346876895087
230,1630591,Jalen Suggs,1610612753,ORL,35,20,15,1002.0,387505,73.4,39.3,34.1,4.07,4.29,3.83,2.7994965483046648,2.0971428571428574,2.6371257485029944
509,203501,Tim Hardaway Jr.,1610612765,DET,67,38,29,1852.0,715330,135.5,70.2,65.3,4.1,4.28,3.93,5.168007933178229,2.0223880597014925,2.6339092872570196
378,1631109,Mark Williams,1610612766,CHA,38,8,30,989.0,381962,72.3,38.4,33.9,4.14,4.36,3.93,2.757542240360044,1.9026315789473685,2.6317492416582406
262,203924,Jerami Grant,1610612757,POR,47,22,25,1524.0,588027,111.4,57.3,54.1,4.1,4.25,3.96,4.248827186391548,2.370212765957447,2.631496062992126
494,203500,Steven Adams,1610612745,HOU,52,34,18,691.0,266456,50.5,27.3,23.2,4.07,4.24,3.89,1.9260841374575688,0.9711538461538461,2.6309696092619395
249,1629637,Jaxson Hayes,1610612747,LAL,48,32,16,958.0,369425,70.0,37.2,32.7,4.1,4.28,3.91,2.669819596475838,1.4583333333333333,2.6304801670146136
293,1628404,Josh Hart,1610612752,NYK,69,43,26,2596.0,1000646,189.5,104.1,85.4,4.13,4.4,3.84,7.22758305045959,2.746376811594203,2.62788906009245
541,1641705,Victor Wembanyama,1610612759,SAS,46,21,25,1527.0,588455,111.4,58.4,53.1,4.09,4.33,3.86,4.248827186391548,2.4217391304347826,2.626326129666012
169,1627832,Fred VanVleet,1610612745,HOU,55,38,17,1943.0,748321,141.7,78.7,63.0,4.09,4.45,3.71,5.404477668866089,2.576363636363636,2.6254246011322695
111,203081,Damian Lillard,1610612749,MIL,57,32,25,2057.0,791273,149.9,83.5,66.3,4.1,4.56,3.63,5.717227964453259,2.6298245614035087,2.623432182790472
445,202331,Paul George,1610612755,PHI,41,15,26,1334.0,512533,97.1,53.4,43.6,4.06,4.43,3.68,3.703421183111484,2.368292682926829,2.6203898050974512
412,1629674,Neemias Queta,1610612738,BOS,55,41,14,749.0,287526,54.5,28.1,26.4,4.1,4.1,4.11,2.078645257256188,0.990909090909091,2.6194926568758343
515,1629027,Trae Young,1610612737,ATL,67,31,36,2420.0,927028,175.6,96.5,79.1,4.05,4.64,3.51,6.697433159159388,2.6208955223880595,2.6122314049586777
234,1627750,Jamal Murray,1610612743,DEN,65,39,26,2362.0,904080,171.2,92.6,78.6,4.14,4.52,3.77,6.529615927380906,2.6338461538461537,2.609314140558848
98,1629012,Collin Sexton,1610612762,UTA,57,13,44,1589.0,607739,115.1,64.2,50.9,4.04,4.36,3.7,4.38994622220527,2.019298245614035,2.6076777847702957
438,1631094,Paolo Banchero,1610612753,ORL,39,15,24,1341.0,512670,97.1,54.0,43.1,4.04,4.31,3.75,3.703421183111484,2.48974358974359,2.6067114093959733
389,1628467,Maxi Kleber,1610612747,LAL,34,18,16,637.0,243363,46.1,24.4,21.7,4.04,4.26,3.83,1.7582669056790876,1.3558823529411765,2.605337519623234
297,201950,Jrue Holiday,1610612738,BOS,55,40,15,1675.0,639908,121.2,63.1,58.1,4.14,4.24,4.04,4.622601929898165,2.2036363636363636,2.60489552238806
315,1642276,Kel'el Ware,1610612748,MIA,54,23,31,1151.0,439424,83.2,43.9,39.3,4.06,4.29,3.82,3.173271291811282,1.5407407407407407,2.6022589052997396
500,1627752,Taurean Prince,1610612749,MIL,70,39,31,1868.0,712790,135.0,69.4,65.5,4.09,4.17,4.0,5.148937793203402,1.9285714285714286,2.601713062098501
75,1641715,Cam Whitmore,1610612745,HOU,43,25,18,706.0,269351,51.0,27.5,23.5,4.02,4.22,3.82,1.9451542774323962,1.186046511627907,2.6005665722379603
301,203944,Julius Randle,1610612750,MIN,60,36,24,1920.0,729782,138.2,73.6,64.7,4.04,4.26,3.82,5.270986689042297,2.3033333333333332,2.59125
148,1628378,Donovan Mitchell,1610612739,CLE,66,52,14,2063.0,783766,148.4,80.4,68.0,4.02,4.57,3.51,5.660017544528777,2.2484848484848485,2.589626757149782
278,202685,Jonas Valančiūnas,1610612758,SAC,72,19,53,1414.0,536912,101.7,53.9,47.8,4.02,4.14,3.89,3.8788664708798963,1.4125,2.589250353606789
3,203932,Aaron Gordon,1610612743,DEN,44,29,15,1204.0,456576,86.5,45.2,41.3,4.03,4.3,3.77,3.2991342156451426,1.9659090909090908,2.586378737541528
21,1629599,Amir Coffey,1610612746,LAC,68,39,29,1682.0,637922,120.8,62.0,58.8,4.0,4.03,3.97,4.607345817918303,1.776470588235294,2.5854934601664685
176,1629018,Gary Trent Jr.,1610612749,MIL,65,37,28,1644.0,623154,118.0,59.9,58.1,4.01,4.09,3.93,4.50055303405927,1.8153846153846154,2.583941605839416
143,1628415,Dillon Brooks,1610612745,HOU,69,45,24,2236.0,847051,160.4,81.8,78.6,4.02,4.05,3.98,6.117700903924635,2.3246376811594205,2.5824686940966015
22,203083,Andre Drummond,1610612755,PHI,40,12,28,751.0,283934,53.8,27.7,26.1,4.02,4.06,3.99,2.05194706129143,1.345,2.5789613848202397
484,1628983,Shai Gilgeous-Alexander,1610612760,OKC,69,58,11,2364.0,894044,169.3,92.1,77.2,4.0,4.43,3.59,6.457149395476563,2.453623188405797,2.5781725888324876
56,1627742,Brandon Ingram,1610612761,TOR,18,5,13,595.0,225158,42.6,24.0,18.6,4.02,4.34,3.67,1.6247759258552958,2.3666666666666667,2.5774789915966387
138,1628401,Derrick White,1610612738,BOS,67,50,17,2253.0,850800,161.1,87.1,74.1,4.02,4.22,3.81,6.144399099889393,2.4044776119402984,2.5741677762982684
178,203507,Giannis Antetokounmpo,1610612749,MIL,58,34,24,1969.0,741319,140.4,76.6,63.8,4.01,4.42,3.61,5.354895304931538,2.420689655172414,2.5669883189436264
41,1627732,Ben Simmons,1610612746,LAC,44,20,24,1020.0,384036,72.7,39.4,33.3,3.99,4.29,3.69,2.772798352339906,1.6522727272727273,2.5658823529411765
140,1626164,Devin Booker,1610612756,PHX,67,34,33,2506.0,942918,178.6,100.1,78.5,4.01,4.32,3.67,6.811853999008352,2.665671641791045,2.5656823623304073
129,201942,DeMar DeRozan,1610612758,SAC,67,33,34,2406.0,902543,170.9,92.9,78.1,3.98,4.36,3.62,6.518173843396011,2.5507462686567166,2.5571072319201997
19,1630578,Alperen Sengun,1610612745,HOU,69,47,22,2183.0,816300,154.6,80.9,73.7,3.97,4.07,3.87,5.896487280216636,2.2405797101449276,2.5495190105359598
344,200768,Kyle Lowry,1610612755,PHI,33,14,19,623.0,233073,44.1,24.8,19.4,3.93,4.28,3.57,1.681986345779778,1.3363636363636364,2.548314606741573
546,1628976,Wendell Carter Jr.,1610612753,ORL,60,25,35,1555.0,578962,109.7,57.6,52.1,3.93,4.0,3.86,4.183988710477135,1.8283333333333334,2.5396784565916404
29,1630162,Anthony Edwards,1610612750,MIN,70,40,30,2539.0,943268,178.6,98.9,79.8,3.94,4.33,3.55,6.811853999008352,2.551428571428571,2.5323355651831427
420,202696,Nikola Vučević,1610612741,CHI,65,28,37,2055.0,763045,144.5,74.2,70.3,3.96,4.21,3.72,5.511270452725123,2.223076923076923,2.5313868613138686
392,1629008,Michael Porter Jr.,1610612743,DEN,71,43,28,2389.0,886360,167.9,85.5,82.4,4.01,4.17,3.86,6.403753003547046,2.3647887323943664,2.5300962745918794
320,203484,Kentavious Caldwell-Pope,1610612753,ORL,69,32,37,2077.0,770545,145.9,77.9,68.0,3.93,4.04,3.81,5.5646668446546395,2.1144927536231886,2.528839672604718
38,1628389,Bam Adebayo,1610612748,MIA,70,32,38,2413.0,893842,169.3,89.6,79.7,3.93,4.12,3.74,6.457149395476563,2.4185714285714286,2.525818483215914
200,1627826,Ivica Zubac,1610612746,LAC,70,41,29,2285.0,844314,159.9,84.5,75.4,3.94,4.11,3.77,6.098630763949807,2.2842857142857143,2.5192122538293216
152,203110,Draymond Green,1610612744,GSW,57,34,23,1659.0,612220,116.0,62.0,53.9,3.92,4.27,3.57,4.42427247415996,2.0350877192982457,2.5171790235081373
251,1627759,Jaylen Brown,1610612738,BOS,56,40,16,1947.0,718567,136.1,71.4,64.7,4.0,4.11,3.88,5.190892101148022,2.430357142857143,2.5164869029275807
256,1631119,Jaylin Williams,1610612760,OKC,42,35,7,702.0,258203,48.9,26.0,22.9,3.9,4.14,3.67,1.865059689538121,1.1642857142857141,2.5076923076923077
346,202681,Kyrie Irving,1610612742,DAL,50,28,22,1804.0,661552,125.3,66.9,58.4,3.9,4.18,3.63,4.77897707769175,2.506,2.5004434589800444
472,201566,Russell Westbrook,1610612743,DEN,67,39,28,1880.0,688866,130.5,69.1,61.3,3.95,4.35,3.56,4.977306533429955,1.9477611940298507,2.4989361702127657
11,201143,Al Horford,1610612738,BOS,55,39,16,1504.0,548384,103.9,54.8,49.1,3.97,4.04,3.9,3.962775086769137,1.8890909090909092,2.486968085106383
423,1628384,OG Anunoby,1610612752,NYK,66,40,26,2418.0,881256,166.9,86.5,80.4,3.92,3.94,3.91,6.365612723597391,2.528787878787879,2.484863523573201
489,203915,Spencer Dinwiddie,1610612742,DAL,72,35,37,1908.0,694711,131.6,71.1,60.5,3.87,4.16,3.57,5.019260841374575,1.8277777777777777,2.483018867924528
61,201572,Brook Lopez,1610612749,MIL,70,40,30,2246.0,814055,154.2,80.1,74.1,3.88,3.98,3.78,5.881231168236774,2.202857142857143,2.471593944790739
131,1629028,Deandre Ayton,1610612757,POR,40,17,23,1206.0,436049,82.6,43.6,38.9,3.86,4.08,3.63,3.1503871238414884,2.065,2.4656716417910447
166,201569,Eric Gordon,1610612755,PHI,39,12,27,768.0,276794,52.4,28.7,23.7,3.78,4.01,3.54,1.998550669361913,1.3435897435897435,2.45625
309,1626157,Karl-Anthony Towns,1610612752,NYK,65,42,23,2278.0,820153,155.3,80.7,74.7,3.87,3.89,3.85,5.923185476181395,2.3892307692307693,2.4542581211589116
418,203999,Nikola Jokić,1610612743,DEN,63,42,21,2301.0,823136,155.9,83.9,72.0,3.79,4.23,3.38,5.946069644151188,2.4746031746031747,2.4391134289439376
340,204001,Kristaps Porziņģis,1610612738,BOS,37,25,12,1071.0,380384,72.0,38.7,33.4,3.9,4.08,3.72,2.7461001563751477,1.945945945945946,2.4201680672268906
28,203076,Anthony Davis,1610612742,DAL,45,27,18,1526.0,537888,101.9,53.7,48.2,3.75,3.91,3.59,3.886494526869827,2.2644444444444445,2.403931847968545
325,201142,Kevin Durant,1610612756,PHX,60,33,27,2208.0,776535,147.1,79.8,67.3,3.74,3.9,3.57,5.610435180594225,2.4516666666666667,2.3983695652173913
361,1629029,Luka Dončić,1610612747,LAL,41,25,16,1444.0,506764,96.0,51.9,44.0,3.74,4.07,3.4,3.6614668751668638,2.341463414634146,2.393351800554017
353,2544,LeBron James,1610612747,LAL,61,38,23,2134.0,734756,139.2,75.5,63.7,3.65,3.9,3.38,5.309126968991952,2.2819672131147537,2.3482661668228677
85,101108,Chris Paul,1610612759,SAS,72,31,41,2019.0,692774,131.2,71.0,60.2,3.66,3.95,3.37,5.004004729394713,1.822222222222222,2.339375928677563
258,1628369,Jayson Tatum,1610612738,BOS,64,46,18,2315.0,785400,148.8,80.7,68.0,3.66,3.85,3.45,5.675273656508639,2.325,2.313952483801296
272,203954,Joel Embiid,1610612755,PHI,19,8,11,574.0,192256,36.4,18.8,17.7,3.55,3.67,3.44,1.3883061901674356,1.9157894736842105,2.282926829268293
237,201935,James Harden,1610612746,LAC,69,41,28,2424.0,803149,152.1,83.1,69.0,3.51,3.75,3.26,5.801136580342499,2.2043478260869565,2.258910891089109
128,201599,DeAndre Jordan,1610612743,DEN,49,33,16,600.0,197134,37.3,19.8,17.5,3.61,3.71,3.51,1.422632442122125,0.7612244897959183,2.238
